/*--------------------------------*- C++ -*----------------------------------*\
  =========                 |
  \\      /  F ield         | OpenFOAM: The Open Source CFD Toolbox
   \\    /   O peration     | Website:  https://openfoam.org
    \\  /    A nd           | Version:  7
     \\/     M anipulation  |
\*---------------------------------------------------------------------------*/
FoamFile
{
    version     2.0;
    format      ascii;
    class       labelList;
    note        "nPoints:11832  nCells:5808  nFaces:23340  nInternalFaces:11447";
    location    "constant/polyMesh";
    object      neighbour;
}
// * * * * * * * * * * * * * * * * * * * * * * * * * * * * * * * * * * * * * //


11447
(
97
1010
1047
4661
2
96
1048
1051
91
98
1050
4
91
1050
1083
5
92
1082
6
93
1081
7
94
1080
65
95
1079
9
48
1052
1095
49
4566
5796
11
66
1053
1078
48
67
1052
86
90
1055
1085
68
956
1059
1077
60
85
1060
1061
84
85
1061
1094
17
79
1064
1065
18
80
1028
34
81
1027
79
83
1064
1090
21
74
1070
1071
22
75
1069
23
76
1068
51
77
1067
69
74
1071
1075
72
73
1072
1074
70
72
1073
1074
70
71
1073
1088
64
69
1075
1084
66
68
1077
1078
64
65
1079
1084
61
63
1087
1092
61
62
1014
1086
38
88
1018
1023
82
954
1021
36
58
111
1031
37
110
1032
57
109
1025
57
89
1024
40
56
108
1033
41
107
1034
42
106
1035
55
105
1036
44
53
104
1037
45
103
1038
46
102
1039
47
101
1040
52
100
1041
49
50
50
4565
67
5798
59
78
1066
124
134
1011
54
122
1013
123
156
1012
62
121
1014
120
139
1015
89
112
119
150
1016
60
140
1060
133
141
113
155
113
163
155
156
1012
151
154
131
154
67
152
153
118
152
142
151
148
149
149
150
1016
147
148
147
175
905
75
142
76
143
77
144
78
145
140
146
80
135
81
136
82
137
125
138
135
139
1015
132
134
1011
132
133
87
114
1019
88
115
1018
89
116
117
114
953
1017
92
126
93
127
94
128
95
129
130
131
97
98
1010
831
4662
126
831
241
907
956
1059
101
124
174
102
173
103
172
104
171
122
170
106
121
189
107
981
108
169
120
168
110
112
167
111
166
119
165
117
216
157
200
115
164
116
219
117
220
221
227
235
956
217
228
215
291
163
188
123
203
158
202
214
233
218
232
953
127
212
128
211
129
208
130
209
210
234
224
234
161
198
159
161
198
233
136
207
137
206
138
205
204
232
207
291
141
160
159
162
143
196
144
195
145
194
146
193
160
192
213
231
230
231
229
230
228
229
196
225
153
227
226
5798
224
225
156
157
158
158
199
201
222
223
162
191
197
223
190
222
187
200
218
219
953
166
186
217
167
185
184
216
169
183
215
182
981
171
181
203
172
180
173
179
174
178
177
214
176
213
904
276
278
288
178
275
308
179
307
180
306
181
305
279
304
183
302
980
274
301
185
273
300
186
299
272
298
188
283
284
189
285
286
981
191
236
265
192
264
193
263
194
262
195
261
196
260
259
198
268
289
253
200
201
282
283
202
281
203
280
279
205
238
294
206
294
207
293
292
209
211
245
210
246
247
252
212
244
243
831
254
278
275
290
274
372
273
287
258
272
237
269
220
269
221
270
271
287
236
5799
268
5799
251
267
259
267
227
250
4563
249
257
258
256
257
255
256
254
255
237
238
253
290
251
252
248
249
955
266
852
239
269
239
296
295
5801
241
248
277
955
955
5800
243
348
831
4663
244
349
245
350
246
351
247
352
344
353
327
345
250
345
346
4562
338
343
343
344
289
369
326
342
341
342
340
341
339
340
328
339
260
329
261
330
262
331
263
332
264
333
265
334
266
335
336
851
329
338
321
852
270
271
5801
287
297
317
328
316
854
315
371
309
857
277
904
5800
288
327
322
326
280
310
281
311
282
312
283
313
284
285
323
286
324
325
982
854
322
354
321
370
368
857
292
5802
293
356
294
319
296
296
318
320
319
318
854
5801
299
317
367
300
366
316
365
302
315
364
303
363
314
362
980
305
310
361
306
360
307
359
308
358
309
357
375
382
311
958
312
438
313
437
323
436
379
381
982
373
378
377
855
376
408
855
872
320
356
383
872
374
853
385
409
324
435
325
434
380
433
393
409
347
354
397
408
330
398
331
399
332
400
333
401
334
402
335
403
336
404
337
405
406
851
853
392
398
396
397
395
396
394
395
393
394
391
392
387
391
346
347
347
4561
355
349
879
4664
350
966
351
967
352
388
353
389
387
390
355
385
386
4560
383
384
358
382
432
359
431
360
430
361
428
429
958
363
379
427
364
426
378
425
366
377
424
367
423
376
422
369
856
908
370
910
374
416
372
373
420
421
5802
446
474
407
415
472
475
857
445
457
871
873
444
474
443
473
381
439
982
440
473
441
472
452
471
421
471
5802
386
453
454
4559
467
468
389
417
967
390
419
447
468
466
467
458
466
455
465
464
465
463
464
462
463
456
462
399
458
400
459
401
460
402
461
403
413
404
410
405
410
406
411
407
412
414
853
456
457
453
455
411
413
412
418
414
448
418
493
415
449
416
450
451
910
419
469
967
448
494
447
470
421
446
496
495
423
445
502
424
501
500
871
426
444
491
427
490
443
489
429
430
833
442
4520
431
833
432
497
441
498
434
439
832
435
484
436
483
437
482
438
481
480
957
440
485
473
486
499
524
478
958
4521
487
488
514
523
511
541
513
522
492
504
449
503
450
506
451
508
509
909
526
870
872
454
542
543
4558
535
542
539
540
540
541
459
529
460
530
461
531
493
532
538
539
537
538
536
537
535
536
528
529
507
528
492
507
470
880
966
477
504
495
526
521
524
487
522
523
520
521
856
510
520
856
908
519
880
889
479
957
4522
480
957
4523
481
4524
482
4525
483
835
484
836
832
836
486
832
4528
487
4529
488
489
4530
490
4531
491
515
514
515
505
546
494
533
503
534
496
544
513
545
498
833
4518
499
4517
525
4516
501
512
874
502
875
511
547
506
562
505
519
548
549
508
563
546
571
509
564
510
565
566
909
552
556
527
550
871
576
876
516
574
516
4532
575
4533
518
577
890
4668
519
578
889
549
566
591
572
591
573
576
573
574
572
5804
590
4515
5804
527
544
551
870
567
571
530
567
531
959
532
960
533
568
534
569
562
570
553
561
560
561
559
560
558
559
557
558
555
557
555
556
543
553
554
4557
545
551
551
876
548
580
552
592
875
579
582
578
579
551
874
876
594
622
554
614
615
4556
620
621
621
622
619
620
618
619
617
618
616
617
614
616
563
609
564
610
565
611
566
612
613
959
5803
569
601
960
570
602
603
609
580
5803
595
655
599
605
575
605
608
4534
597
599
584
588
4669
581
584
581
583
582
586
585
604
583
587
585
596
589
604
604
624
587
959
5803
596
961
589
658
4670
628
656
654
661
4514
595
652
593
594
600
598
875
877
606
623
662
663
607
624
598
672
877
600
673
641
672
606
674
602
626
961
603
627
631
632
628
608
641
638
675
625
626
961
643
646
610
632
611
634
612
636
613
650
652
653
615
644
645
4555
642
644
642
682
647
682
647
648
648
679
679
985
623
985
638
984
625
630
626
629
627
629
631
630
657
630
633
639
633
635
634
635
637
639
636
651
637
651
650
665
640
668
676
689
640
657
659
687
643
671
677
683
646
670
645
677
678
713
669
4535
649
685
649
680
681
686
653
666
665
668
663
664
664
667
655
660
5804
660
662
657
658
688
659
691
709
688
692
661
707
708
718
706
707
706
719
684
719
666
702
667
703
684
704
687
702
670
701
4536
671
861
672
697
673
674
697
675
698
676
699
690
700
678
695
696
713
680
710
681
711
693
712
683
685
694
695
705
721
686
694
693
716
692
715
691
717
690
714
984
730
738
709
723
717
729
725
734
716
739
696
739
740
859
698
861
699
862
700
862
738
860
737
861
4537
703
715
704
726
705
727
728
743
720
735
708
735
722
736
724
4671
711
731
985
712
732
733
734
859
4554
730
764
983
726
729
725
741
723
742
722
745
4513
720
721
721
744
743
745
770
724
762
763
4672
752
753
727
777
728
778
749
779
742
777
747
766
732
782
983
733
783
772
784
753
772
736
744
748
770
746
860
4538
747
5807
740
741
750
858
750
752
762
785
744
749
748
771
4512
747
768
5807
769
749
781
780
751
754
756
759
858
754
755
755
773
756
757
757
774
758
760
758
775
760
776
760
761
4551
767
767
789
4550
763
786
798
4673
765
766
787
782
788
983
769
796
776
791
769
886
4539
887
771
781
803
4511
773
790
774
792
775
794
776
795
793
778
785
779
801
780
838
781
839
803
783
802
784
802
790
810
786
801
798
804
788
796
799
800
802
791
817
4549
792
811
793
816
794
812
795
815
795
813
814
797
887
799
818
885
805
4674
800
819
810
820
804
809
810
821
839
805
808
806
4675
807
808
963
822
823
962
809
822
837
838
811
812
820
813
824
814
825
815
826
816
989
817
991
990
4548
819
827
4542
820
828
824
823
840
4510
837
5805
4509
5805
825
828
826
829
976
989
828
830
4543
829
830
976
975
5806
834
4519
835
836
4527
836
4526
838
840
839
840
5805
842
2812
2901
2907
2908
3002
3087
844
1481
1558
1578
1579
1644
1748
846
1421
1468
1506
1507
1600
1601
848
881
1423
1506
1505
1663
1664
850
1315
1380
1401
1419
1479
1533
852
853
5799
855
873
857
859
4552
4553
862
5807
862
968
1701
1824
4648
865
1799
1810
4584
1812
1921
1922
867
869
1528
1529
1535
1592
1684
869
1529
1609
4573
1642
1684
871
873
873
875
877
877
881
999
1005
1009
880
966
4665
888
996
1505
883
884
3987
4025
884
4131
4177
4026
4137
886
887
4541
887
4540
889
890
4666
890
4667
892
894
4590
893
4589
894
1650
1777
1586
1649
896
972
3386
3463
897
3463
3526
972
3393
3525
899
900
1928
2028
900
2172
2229
1840
2179
902
903
1325
4655
903
1523
4654
1326
1452
905
907
906
1072
907
1121
1128
5800
909
910
910
912
3912
3915
4072
3913
4016
4144
914
3518
3629
3656
3399
3577
3655
917
2943
3078
3211
917
2942
3077
3291
3290
3370
919
921
3104
3105
920
3027
4612
921
2970
4611
2968
3026
923
2918
2945
3056
3052
3144
3156
925
2727
2745
2959
926
2726
2960
2879
2961
4620
928
2626
2705
2765
929
2841
2925
2672
2840
2926
931
1733
1747
2100
1877
1974
2101
933
1626
1690
1828
1691
1791
1953
935
988
1775
5791
1774
4643
5790
937
939
1645
1646
938
1613
4634
939
1885
4633
1647
5789
941
942
1536
1621
1537
1698
4652
1622
1654
1697
992
1636
1696
1705
945
1538
1651
5793
948
1771
1772
947
1465
1467
1508
948
1530
1591
1652
5793
950
1488
1574
1709
1474
1575
1708
952
1108
1142
1238
1143
1206
1299
954
1017
5797
956
958
960
961
964
4509
964
4675
975
990
4545
5806
967
969
1700
4649
970
1784
1905
1824
1906
1907
972
3230
3300
3386
3312
974
1825
2284
4596
1841
2027
2173
976
991
989
978
4070
4082
4152
979
4017
4151
3881
3973
3974
981
982
984
985
987
988
2004
2008
988
1903
5791
1844
991
991
4547
993
995
1649
994
1615
1636
995
1628
1630
1586
4593
997
999
1423
998
1000
1375
1001
1197
1293
1000
1003
1001
1003
1002
1180
1003
1195
1310
1005
1005
1009
1415
1417
1310
1007
1009
1417
1424
1008
1504
1589
1009
1505
1590
1046
1048
1041
1094
1013
1092
1037
1093
1036
1091
1033
1090
1031
1088
1020
1055
1019
1026
1044
1085
1022
1056
5797
1022
1027
5797
1029
1030
1024
1026
1043
1025
1089
1032
1105
1042
1044
1028
1030
1063
1065
1057
1058
1062
1062
1063
1032
1107
1106
1034
1104
1035
1103
1036
1102
1101
1038
1100
1039
1099
1040
1098
1041
1097
1096
1043
1045
1054
1089
1132
1045
1109
1076
1110
1047
1049
1155
1155
4660
1049
1153
1154
1156
1051
1147
1148
1153
1053
1145
1144
1146
1076
1132
1133
1056
1131
1057
1134
1058
1135
1130
1136
1128
1129
1066
1127
1127
1149
1126
1130
1125
1126
1124
1150
1124
1125
1067
1137
1068
1138
1069
1139
1070
1140
1123
1141
1122
1123
1120
1121
1119
1152
1119
1120
1118
1122
1117
1133
1116
1129
1116
1144
1080
1111
1081
1112
1082
1113
1083
1114
1115
1147
1111
1118
1109
1131
1087
1091
1108
1108
1142
1107
1152
1105
1151
1104
1150
1101
1157
1093
1142
1100
1143
1096
1149
1145
1175
5796
1097
1171
1098
1170
1099
1169
1100
1168
1167
1102
1166
1103
1165
1104
1164
1163
1106
1162
1107
1161
1160
1157
1110
1210
1117
1213
1112
1201
1113
1202
1114
1203
1115
1204
1220
1224
1214
1217
1212
1216
1200
1201
1191
1196
1191
1192
1190
1192
1188
1200
1188
1189
1186
1198
1186
1187
1185
1187
1184
1199
1182
1190
1182
1214
1181
1185
1134
1210
1151
1180
1195
1212
1135
1211
1136
1218
1181
1219
1138
1183
1184
1139
1176
1140
1177
1141
1178
1179
1189
1143
1167
1173
1217
1146
1174
1173
1222
1148
1220
1172
1227
1171
1199
1163
1198
1162
1197
1160
1196
1154
1172
1158
1159
1156
1207
1159
1208
1166
1238
1159
1172
1205
1268
1161
1245
1162
1244
1243
1164
1242
1165
1241
1166
1240
1239
1168
1206
1169
1237
1170
1236
1171
1235
1234
1228
1223
1246
1175
1222
1226
1194
1250
1177
1183
1278
1178
1279
1179
1287
1288
1290
1195
1197
1266
1267
1264
1265
1263
1285
1263
1275
1262
1266
1261
1276
1261
1262
1257
1273
1257
1288
1254
1264
1253
1277
1253
1254
1194
1251
4567
5796
1252
1255
1272
1245
1277
1243
1242
1276
1234
1275
1229
1273
1202
1229
1203
1230
1204
1231
1224
1233
1228
1318
1319
1237
1300
1208
1209
4659
1249
1268
1249
1323
4658
1211
1213
1215
1218
1272
1282
1215
1216
1265
1270
1221
1258
1258
1282
1246
1270
1219
1221
1260
1267
1227
1280
1259
1260
1223
1225
1225
1247
1232
1280
1226
1248
1250
1271
1228
1281
1317
1230
1308
1231
1307
1233
1306
1233
1274
1283
1305
1235
1304
1236
1303
1237
1302
1301
1239
1298
1240
1297
1241
1296
1242
1295
1294
1244
1293
1245
1292
1291
1247
1313
1248
1314
1271
1315
1269
1324
1252
1311
1255
1309
4568
1256
1312
1343
1346
1343
1344
1256
1341
1342
1352
1339
1350
1259
1337
1336
1338
1335
1336
1333
1347
1333
1334
1330
1348
1329
1344
1329
1345
1322
1334
1322
1335
1269
1319
1320
1328
1313
1345
1311
1351
1310
1321
1308
1350
1305
1316
1349
1304
1348
1294
1347
1291
1346
1279
1285
1286
1284
1287
1281
1283
1317
1355
1321
1337
1316
1355
1286
1289
5795
1330
1331
1331
1353
1289
1290
1339
1340
1332
1354
1340
1354
1292
1377
1293
1376
1375
1295
1374
1296
1373
1297
1372
1298
1371
1299
1370
1300
1369
1301
1368
1302
1367
1303
1366
1304
1365
1364
1306
1363
1307
1362
1308
1361
1360
1341
1397
4569
1415
1312
1359
1352
1357
1314
1379
1315
1380
1351
1349
1378
1318
1404
1407
1414
1320
1407
1406
1408
1405
1415
1399
1400
1324
1325
4657
1327
1328
1326
4656
1327
1395
1393
1394
1393
1406
1392
1413
1391
1409
1390
1391
1388
1389
5795
1386
1410
1386
1399
1385
1400
1384
1385
1338
1405
1384
1411
1383
1402
1383
1387
1342
1397
1382
1398
1381
1412
1381
1392
1379
1413
1377
1412
1374
1410
1364
1409
1363
1403
1360
1402
1359
1401
1358
1382
1389
1390
5795
1387
1388
1378
1404
1358
1418
1466
1476
1358
1359
1418
1465
1446
1361
1445
1362
1444
1363
1443
1442
1365
1437
1366
1436
1367
1435
1368
1434
1369
1433
1370
1432
1371
1431
1372
1430
1373
1429
1374
1428
1427
1376
1423
1377
1422
1421
1403
1447
1380
1420
1419
1468
1469
1465
1467
1464
1475
1463
1470
1462
1463
1461
1471
1460
1464
1459
1460
1458
1459
1457
1458
1457
1472
1456
1469
1455
1473
1395
1454
1455
1396
1452
1451
1453
1454
1398
1449
1450
1467
1448
1461
1448
1462
1446
1479
1445
1475
1442
1477
1414
1447
1411
1416
1438
1473
1408
1441
1438
1439
1437
1472
1427
1471
1426
1470
1421
1468
1420
1456
1441
1484
1416
1417
1426
1425
1446
1476
1420
5794
1518
1422
1423
1506
1425
1503
1504
1426
1502
1501
1428
1491
1429
1492
1430
1493
1431
1494
1432
1495
1433
1496
1434
1497
1435
1498
1436
1499
1437
1500
1490
1440
1487
1440
1441
1486
1474
1489
1485
1443
1483
1444
1482
1445
1481
1480
1478
1477
1484
1531
1532
1450
1527
4570
1528
1530
1452
1453
1524
1523
1522
1525
1521
1522
1520
1521
1518
1519
1516
1517
1515
1517
1514
1515
1513
1514
1512
1532
1511
1531
1510
1511
1509
1513
1466
1508
1526
1530
1507
1507
1519
1501
1510
1491
1512
1490
1516
1487
1520
1486
1488
1480
1509
1478
1526
1483
1576
1479
1551
1552
1481
1558
1482
1483
1578
1577
1485
1559
1486
1560
1575
1489
1561
1489
1574
1573
1500
1563
1492
1562
1493
1565
1494
1566
1495
1567
1496
1568
1497
1569
1498
1570
1499
1571
1500
1572
1564
1502
1555
1503
1581
1504
1587
1588
1602
1601
1543
1538
5793
1557
1558
1555
1556
1553
1556
1550
1562
1549
1557
1548
1549
1547
1548
1546
1563
1546
1547
1544
1545
1543
1544
1542
1561
1541
1542
1540
1541
1524
1537
1525
1536
1539
1540
1538
1551
1528
1529
4571
1535
4572
1535
1534
1553
1534
1550
1584
1619
5794
1554
1585
1591
1537
1539
4653
1608
1607
1621
1606
1607
1605
1606
1605
1620
1599
1600
1598
1599
1598
1619
5794
1596
1597
1595
1596
1594
1595
1593
1594
1585
1625
1552
1608
1584
1617
1554
1580
1583
1616
1581
1582
1580
1582
1579
1593
1579
1560
1576
1604
1575
1603
1573
1620
1565
1625
1564
1597
1572
1693
1566
1690
1567
1691
1568
1692
1569
1714
1570
1713
1571
1712
1572
1711
1710
1574
1631
1694
1695
1577
1661
1578
1759
1644
1672
1583
1623
1587
1614
1614
1623
1624
1634
1618
1632
1616
1626
4590
4592
1588
1638
1589
1639
1590
1640
1602
1641
1592
1652
1770
1782
1671
1672
1670
1671
1669
1670
1668
1669
1668
1693
1667
1688
1666
1667
1665
1666
1664
1665
1662
1663
1604
1660
1695
1659
1661
1658
1689
1657
1658
1655
1657
1617
1651
1610
1642
4574
1611
1629
4575
1643
1648
1653
1613
1681
4636
5792
1645
4635
1638
1677
1628
1637
1675
1634
1699
1618
1685
1633
1686
1632
1688
1631
1689
1622
1655
1654
1656
1624
1677
1627
1635
1626
1690
1699
1678
1679
1683
1630
1675
1648
1792
4576
1778
4594
1694
1716
1633
1717
1687
1718
1635
1728
1683
1729
1637
1707
1676
1706
1639
1715
1640
1725
1641
1726
1662
1727
1643
1723
1653
1724
1870
1871
1673
1680
1647
1673
1674
1674
1739
1786
1792
1650
1696
1776
1787
1685
1772
1770
1771
1769
1786
1767
1768
1656
1765
1766
1768
1764
1765
1764
1783
1660
1761
1762
1760
1788
1759
1762
1757
1758
1756
1757
1755
1756
1754
1755
1753
1754
1753
1781
1752
1790
1751
1752
1750
1751
1749
1750
1748
1749
1744
1763
1743
1744
1676
1778
1738
1779
1678
1715
1679
1734
1735
1736
1732
1763
5792
1682
1745
4637
1731
1746
5792
1730
1736
1723
1782
1686
1773
1687
1722
1719
1720
1717
1781
1716
1783
1691
1692
1714
1791
1710
1790
1709
1789
1708
1788
1705
1787
1698
1767
1784
1700
4651
1728
1828
1784
4650
1702
1823
4647
1704
1822
4646
1704
1820
4644
5790
1821
4645
1707
1808
1707
1738
1780
1807
1709
1806
1805
1711
1804
1712
1803
1713
1802
1714
1801
1800
1725
1734
1789
1827
1718
1834
1719
1835
1721
1836
1721
1722
1839
1837
1838
1773
1847
1724
1832
1769
1833
1726
1826
1727
1845
1758
1846
1729
1829
1730
1830
1737
1831
1732
1733
1747
1733
1857
1993
1735
1826
1894
1896
1737
1894
1893
1895
1889
1890
1740
1743
5789
1741
1886
1887
1742
1884
1886
1883
1885
5789
1882
1887
1881
1882
1746
1875
4638
1747
1876
1877
1869
1871
1868
1869
1867
1868
1866
1867
1866
1891
1865
1892
1864
1865
1863
1864
1862
1863
1861
1862
1860
1861
1859
1870
1761
1880
1898
1858
1879
1858
1859
1857
1881
1855
1897
1766
1855
1854
1856
1853
1904
1853
1854
1852
1902
1851
1888
1850
1851
1849
1850
1848
1849
1775
1872
4642
1844
1878
1777
1843
1900
1842
4589
1779
1825
1841
1890
1807
1840
1889
1834
1892
1832
1888
1827
1897
1904
1820
1903
5790
5791
1819
1902
1808
1900
1806
1898
1805
1899
1804
1891
1800
1952
1793
1819
1794
1818
4577
1795
1817
4578
1796
1816
4579
1797
1815
4580
1798
1814
4581
1799
1813
4582
1812
4583
1801
1951
1802
1950
1803
1949
1804
1948
1947
1806
1929
1930
1808
1928
1927
1811
1901
1926
4587
1811
1924
4585
1925
4586
1813
1920
1814
1919
1815
1918
1816
1917
1817
1916
1818
1915
1819
1914
1913
1821
1912
1822
1911
1823
1910
1824
1909
1908
1841
4595
1845
1896
1899
1931
1829
1954
1830
1955
1831
1956
1893
1957
1833
1959
1852
1960
1835
1939
1836
1940
1941
5788
1838
1943
5788
1839
1944
1847
1945
1928
2017
2013
1843
1901
4588
2010
2012
2002
2004
1846
1933
1860
1934
1848
1946
2000
2019
2000
2001
1999
2001
1999
2003
1998
2009
1996
2007
1996
1997
1856
1994
1995
1997
1992
1993
1989
1991
1988
1989
1984
1985
1983
1984
1982
1983
1981
1982
1980
1981
1980
2005
1979
2011
1978
1979
1977
1978
1976
1977
1975
1988
1975
1976
1873
1878
4641
1874
1969
4640
1875
1970
4639
1876
1971
1877
1972
1973
1969
2002
1880
1990
1991
1968
2015
1967
1992
1966
1967
1884
1963
1964
1964
1965
1963
4632
1962
1965
1962
1966
1959
2003
1958
2017
1958
2013
1947
2011
1939
2005
1938
2018
1895
1935
1936
1938
1933
1935
1931
1994
1930
2015
1929
1932
1927
2012
1926
2010
1913
2009
1912
2008
1905
2007
1906
2066
1907
2065
1908
2064
1909
2063
1910
2062
1911
2061
1912
2060
2059
1914
2058
1915
2057
1916
2056
1917
2055
1918
2054
1919
2053
1920
2052
1921
2051
1923
2050
1923
1924
2047
2048
2049
1925
2046
1926
2045
2044
1928
2028
1930
2016
2022
1932
2082
2016
2213
1934
1937
1985
1987
1936
1937
1961
1986
1986
1987
1961
2020
1940
2072
1941
2071
1942
2070
1943
2069
5788
1944
2068
1945
2067
1946
2006
2019
5787
1948
2043
1949
2042
1950
2041
1951
2040
1952
2039
1953
2038
1954
2037
1955
2036
1956
2035
1957
2034
2033
5786
2014
2023
1960
2074
1998
2075
2029
2116
2114
2115
4629
4631
2113
4628
2113
2114
2112
2115
2111
2112
1990
2109
2110
1970
2102
1971
2103
1972
2104
1973
2105
1974
2106
2107
5785
2098
2099
2097
2099
2096
2097
2095
2096
2095
2117
2094
2122
2093
2094
2092
2093
2091
2092
2090
2091
2089
2090
2088
2116
2088
2089
2087
2098
2086
2087
2085
2110
2085
2086
2084
2111
2084
2100
1995
2082
2081
2083
2080
2120
2080
2081
2079
2119
2078
2123
2077
2124
2077
2078
2076
2102
2074
2123
2073
2076
2072
2122
2067
2121
5787
2066
2120
2059
2073
2058
2119
2044
2118
2043
2117
2028
2118
2014
2027
2024
2025
2022
2109
2022
2216
2023
2179
2020
2031
5786
2021
2124
2029
2030
2121
2126
5787
2215
2024
2178
2026
2177
2026
2027
2174
2175
2176
2173
2172
2030
2159
2031
2160
2032
2161
2033
2162
5786
2034
2163
2035
2164
2036
2165
2037
2166
2038
2167
2039
2168
2040
2169
2041
2170
2042
2171
2043
2158
2157
2045
2145
2046
2146
2047
2147
2048
2148
2049
2149
2050
2150
2051
2151
2052
2152
2053
2153
2054
2154
2055
2155
2056
2156
2057
2144
2058
2143
2142
2060
2125
2061
2141
2062
2140
2063
2139
2064
2138
2065
2137
2066
2136
2135
2068
2132
2069
2133
2070
2134
2071
2131
2072
2130
2129
2125
2180
2075
2128
2079
2127
2180
2217
2226
2227
2225
2226
2210
2211
2208
2209
2207
2208
2083
2213
2207
2214
2205
2206
2203
2204
2202
2204
2201
2202
2200
2212
2199
2200
2198
2199
2197
2198
2196
2197
2195
2196
2195
2224
2193
2194
2192
2193
2191
2192
2190
2201
2190
2191
2189
2206
2188
2189
5785
2103
2217
2104
2218
2105
2219
2106
2220
2107
2221
2108
2222
2188
2223
5785
2187
2215
2187
2203
2185
2205
2184
2185
2182
4627
2181
2182
2181
2184
2159
2212
2157
2194
2145
2172
2142
2211
2135
2209
2132
2186
2129
2224
2128
2225
2126
2227
2141
2377
2186
2228
2128
2210
2232
2231
2130
2233
2131
2234
2134
2235
2133
2277
2134
2321
2395
2136
2248
2137
2249
2138
2340
2139
2341
2140
2342
2141
2343
2378
2143
2287
2144
2288
2156
2346
2146
2345
2147
2371
2148
2370
2149
2369
2150
2368
2151
2367
2152
2366
2153
2365
2154
2364
2155
2363
2156
2362
2361
2158
2264
2171
2347
2160
2245
2161
2348
2162
2349
2163
2351
2164
2359
2165
2360
2166
2358
2167
2357
2168
2356
2169
2355
2170
2354
2171
2353
2352
2345
2174
2284
2175
2285
2176
2292
2177
2387
2178
2415
2179
2293
2229
2236
2376
2183
2282
2183
2281
2281
2283
2280
2282
2279
2280
2277
2278
2273
2275
2271
2272
2270
2271
2268
2269
2267
2269
2266
2267
2265
2266
2264
2265
2262
2263
2261
2262
2260
2261
2259
2260
2258
2259
2257
2258
2256
2268
2255
2256
2254
2275
2254
2255
2253
2279
2253
2270
2251
2252
2250
2251
2248
2250
2246
2247
2246
2287
2245
2257
2214
2243
2244
2252
2216
2273
2243
2274
2218
2236
2219
2237
2220
2238
2221
2239
2222
2240
2223
2241
2242
2272
2233
2263
2231
2286
2276
2286
2228
2230
2230
2278
2293
2436
2276
2301
2232
2290
2247
2291
2234
2334
2235
2382
2383
2396
2237
2375
2238
2374
2239
2373
2240
2372
2241
2344
2242
2289
2339
2350
2244
2336
2335
2337
2332
2348
2331
2338
2330
2331
2249
2327
2328
2340
2327
2329
2326
2329
2326
2335
2324
2325
2322
2323
2320
2323
2319
2320
2318
2332
2317
2318
2316
2317
2315
2316
2314
2315
2313
2314
2313
2334
2312
2347
2311
2312
2310
2311
2309
2310
2308
2319
2308
2309
2307
2325
2306
2307
2306
2350
2274
2304
2305
2336
2304
2322
2303
2333
2302
2321
2301
2302
2297
2324
2295
2297
2294
4626
2283
2295
2294
2296
2285
2298
2292
2299
2290
2333
2288
2338
2346
2380
2339
2344
2379
2291
2384
2330
2385
2300
2387
2496
2538
2438
4625
2296
2437
2438
2439
2437
2450
2299
2429
4597
2300
2430
2431
2443
2303
2422
2423
2442
2421
2425
2305
2419
2416
2420
2413
2414
2412
2413
2410
2411
2409
2411
2408
2409
2407
2408
2407
2432
2406
2427
2405
2406
2404
2405
2403
2404
2402
2403
2400
2402
2399
2410
2398
2399
2395
2442
2394
2419
2394
2398
2393
2450
2393
2412
2392
2424
2328
2390
2391
2446
2390
2392
2388
2389
2388
2428
2386
2400
2384
2425
2382
2427
2381
2424
2337
2416
2381
2417
2380
2428
2379
2426
2341
2446
2342
2447
2343
2448
2378
2449
2372
2445
2371
2436
2361
2435
2352
2432
2349
2386
2351
2433
2414
2426
2359
2434
2353
2481
2354
2480
2355
2479
2356
2478
2357
2477
2358
2476
2360
2475
2360
2473
2474
2362
2472
2363
2471
2364
2470
2365
2469
2366
2468
2367
2467
2368
2466
2369
2465
2370
2464
2371
2463
2462
2373
2461
2374
2460
2375
2459
2376
2458
2377
2457
2378
2456
2455
2445
2488
2435
2485
2418
2491
2383
2486
2397
2487
2385
2489
2389
2490
2401
2433
2415
2443
2528
2529
2525
2528
2391
2522
2523
2531
2522
2524
2521
2530
2517
2519
2396
2513
2397
2514
2515
2536
2512
2519
2511
2512
2401
2507
2508
2540
2507
2509
2506
2509
2505
2506
2504
2505
2504
2537
2503
2542
2502
2503
2501
2502
2500
2511
2500
2501
2499
2521
2498
2499
2498
2527
2496
2497
2417
2493
2418
2494
2495
2520
2420
2517
2493
2518
2422
2510
2526
2423
2492
2492
2516
2491
2524
2489
2526
2488
2527
2486
2537
2485
2529
2430
2484
4598
2431
2482
2482
2483
2481
2542
2434
2540
2473
2541
2472
2539
2462
2538
2439
2454
2440
2444
2440
2453
2441
2452
2444
2451
2586
2513
2516
2483
2497
2587
4624
2461
2535
2447
2531
2448
2532
2449
2533
2455
2534
2454
2530
2452
2577
2586
2453
2576
2454
2575
2574
2456
2573
2457
2572
2458
2571
2459
2570
2460
2569
2461
2568
2567
2463
2563
2464
2562
2465
2561
2466
2560
2467
2559
2468
2558
2469
2557
2470
2556
2471
2555
2472
2554
2553
2474
2552
2475
2551
2476
2550
2477
2549
2478
2548
2479
2547
2480
2546
2481
2545
2544
2484
2543
2543
2618
2580
4599
2539
2578
2487
2564
2536
2566
2535
2581
2490
2582
2525
2583
2520
2585
2510
2599
2494
2621
2495
2622
2620
2623
2617
2628
2617
2618
2616
2624
2615
2616
2613
2614
2612
2614
2611
2612
2611
2625
2610
2629
2609
2610
2608
2609
2508
2606
2607
2632
2606
2608
2605
2619
2604
2613
2603
2604
2514
2600
2515
2601
2602
2631
2599
2600
2518
2597
2598
2621
2597
2603
2592
2620
2591
2615
2523
2593
2588
2594
2585
2593
2584
2595
2582
2619
2581
2624
2579
2595
2578
2579
2574
2591
2532
2588
2533
2589
2534
2590
2573
2633
2567
2630
2565
2631
2564
2629
2563
2628
2553
2627
2541
2632
2552
2634
2544
2625
2580
2676
2545
2665
2546
2664
2547
2663
2548
2662
2549
2661
2550
2660
2551
2659
2552
2658
2657
2554
2656
2555
2655
2556
2654
2557
2653
2558
2652
2559
2651
2560
2650
2561
2649
2562
2648
2563
2647
2646
2566
2645
2566
2635
2643
2644
2568
2641
2569
2642
2570
2640
2571
2639
2572
2638
2573
2637
2636
2575
2719
2576
2720
2577
2721
2722
2723
2626
2627
2626
2705
2675
4600
2630
2666
2583
2669
2584
2670
2596
2671
2592
2673
2587
2723
2724
4623
2589
2707
2590
2708
2633
2709
2718
2719
2714
2717
2594
2673
2707
2715
2596
2705
2704
2706
2598
2702
2703
2710
2605
5784
2601
2690
2602
2691
2692
2693
2688
2702
2688
2689
2687
2698
2607
2684
2685
2699
2684
2686
2683
2686
2683
2696
2682
2701
2681
2682
2680
2689
2680
2681
2678
2718
2678
2679
2674
2697
2674
2677
2669
2698
2668
2717
2622
2710
2623
2711
2668
2712
2666
2679
2665
2701
2672
2656
2672
2646
2697
2645
2696
2641
2667
2635
2693
2634
2699
2636
2789
2657
2700
2694
5783
2637
2788
2638
2787
2639
2786
2640
2785
2642
2784
2642
2725
2783
2644
2778
5783
2645
2779
2777
2647
2776
2648
2775
2649
2774
2650
2773
2651
2772
2652
2771
2653
2770
2654
2769
2655
2768
2656
2767
2766
2658
2758
2659
2757
2660
2756
2661
2755
2662
2754
2663
2753
2664
2752
2665
2751
2750
2667
2800
2725
2885
2713
2730
2670
2759
2671
2760
2704
2761
2766
2714
2715
2803
2817
2676
2805
5782
2677
2806
2803
2807
2801
2802
2800
2801
2798
2799
2797
2799
2797
2813
2796
2818
2685
2794
2795
2814
2794
2796
2793
2816
5784
2792
2811
2792
2798
2691
2819
5784
2692
2820
2781
2821
2694
2781
2695
2780
2778
2782
5783
2777
2818
2776
2817
2759
2816
2700
2814
2758
2815
2750
2813
2703
2811
2749
2812
2743
2762
2706
2743
2765
2708
2731
2709
2736
2740
2790
2711
2749
2712
2748
2713
2747
2737
2746
2716
2732
2716
2731
2733
2734
2730
2732
2728
2802
2720
2728
2721
2729
2722
2745
2727
2745
2724
2727
2726
4622
2783
2871
2727
4621
2729
2882
2745
5780
2737
2741
2733
2736
2734
2741
2735
2738
2735
2742
2808
2823
2738
2740
2739
2744
2809
2823
2746
2791
2810
2809
2825
2742
2744
2808
2824
2763
2764
2791
2824
2747
2860
2748
2859
2749
2858
2857
2751
2856
2752
2855
2753
2854
2754
2853
2755
2852
2756
2851
2757
2850
2758
2849
2848
2760
2847
2761
2846
2762
2845
2763
2844
2764
2843
2765
2842
2841
2767
2840
2768
2839
2769
2838
2770
2837
2771
2836
2772
2835
2773
2834
2774
2833
2775
2832
2776
2831
2830
2779
2829
2779
2827
2828
2781
2782
2822
2826
2827
5781
2784
2870
2785
2869
2786
2868
2787
2867
2788
2866
2789
2865
2790
2864
2825
2863
2810
2872
2900
2901
2819
2891
2896
2795
2888
2889
2897
2888
2894
2887
2899
2886
2900
2886
2887
2884
2885
2883
2884
2882
2883
2874
2895
2805
2875
4602
5782
2806
2876
2807
2877
2874
2878
2873
2890
2861
2903
2860
2902
2812
2901
2857
2856
2899
2815
2897
2848
2898
2847
2896
2830
2895
2829
2894
2820
2891
2821
2892
2826
2893
2826
2941
5781
2873
2903
2872
2890
2861
2862
2940
2828
2943
2829
2939
2938
2831
2932
2832
2933
2833
2934
2834
2935
2835
2936
2836
2937
2837
2931
2838
2930
2839
2929
2840
2928
2927
2842
2924
2843
2923
2844
2922
2845
2921
2846
2920
2847
2919
2918
2849
2912
2850
2913
2851
2914
2852
2915
2853
2916
2854
2917
2855
2911
2856
2910
2909
2858
2907
2859
2906
2860
2905
2904
2862
2983
2863
2984
2864
2985
2865
2986
2866
2987
2867
2988
2868
2989
2869
2990
2870
2991
2871
2992
2993
2994
2902
2944
2996
2997
2981
2982
2876
2977
4603
2877
2978
2878
2979
2980
2981
2880
2962
4619
2881
2963
4618
2964
2965
4617
2957
2958
2956
2957
2955
2956
2955
2994
2953
2954
2952
2953
2889
2948
2949
2950
2944
2997
2892
2945
2893
2946
2940
2947
2938
2948
2932
2982
2918
2945
2898
2950
2912
2951
2909
2952
2908
2954
2908
2904
2995
2983
2996
2905
3005
2906
3040
2907
3088
3002
3041
2910
3055
2911
3068
2917
3120
2913
3044
2914
3045
2915
3046
2916
3121
2917
3122
3141
2919
2920
3056
2921
3057
2922
3058
2923
3059
2924
3060
2925
3061
2926
3062
2927
3063
2928
3064
2929
3065
2930
3066
2931
3067
2937
3134
2933
3011
2934
3133
2935
3138
2936
3137
2937
3136
3135
2939
3049
2943
3078
2941
3051
2942
3077
2943
5781
2995
3003
2946
2947
3052
3051
3053
2949
3049
3047
3050
2951
3047
3044
3048
3043
3055
3042
3043
3041
3042
3033
3034
3032
3033
3031
3032
3030
3031
5780
2960
3030
5780
2961
3124
2962
3125
2963
3126
2964
3127
2965
3128
2966
3129
2967
3140
4616
3029
3123
4615
2969
2971
5779
2970
2971
2972
2973
4610
3024
3025
2973
3023
3024
3021
4609
2975
2976
2977
4604
2976
3018
4605
3014
3019
2978
3014
2979
3015
2980
3016
3013
3017
3012
3013
3011
3012
2984
3000
2985
3035
2986
3036
2987
3037
2988
3038
2989
3095
2990
3096
2991
3097
2992
3185
2993
2999
2999
3010
3010
3034
3005
3006
2998
3000
2998
3003
3001
3004
3118
3186
3001
3035
3009
3069
3198
3199
3004
3006
3007
3009
3039
3040
3007
3008
3008
3054
3039
3071
3054
3072
3117
3118
3114
3133
3113
3114
3112
3113
3015
3132
3016
3139
3017
3131
3112
3130
3019
3020
4606
3111
3132
3110
3111
5778
3022
3023
4608
3109
3110
5778
3108
3109
3107
3108
3106
3107
5779
3105
3106
5779
3103
3104
5777
3102
3103
5776
5777
3102
3123
5776
3101
3124
3100
3101
3099
3100
3098
3099
3098
3117
3036
3069
3037
3070
3038
3074
3094
3095
3089
3090
3088
3089
3086
3087
3085
3086
3085
3119
3045
3082
3046
3083
3084
3121
3048
3080
3081
3082
3050
3078
3079
3080
3076
3077
3053
3116
3076
3115
3071
3073
3068
3119
3057
3144
3058
3145
3059
3146
3060
3147
3061
3148
3062
3149
3063
3150
3064
3151
3065
3152
3066
3153
3067
3154
3134
3155
3120
3142
3070
3072
3074
3075
3090
3091
3073
3075
3091
3092
3093
3094
3092
3093
3214
3215
3214
3079
3209
3211
3081
3209
3206
3210
3083
3206
3084
3207
3204
3208
3201
3202
3200
3201
3199
3200
3197
3198
3196
3197
3195
3196
3194
3195
3193
3194
3192
3193
3189
3192
3096
3189
3097
3190
3185
3191
3183
3184
3182
3183
3181
3182
3175
3181
3173
3174
3172
3173
3171
3172
3170
3171
3169
3170
3168
3169
3167
3168
3166
3167
3165
3166
3164
3165
3160
3161
3159
3160
3158
3159
3116
3213
3215
3156
3212
3143
3184
3143
3187
3142
3202
3141
3203
3122
3204
3141
3205
3140
3174
3125
3175
3126
3176
3127
3177
3128
3178
3129
3179
3140
3180
3131
3161
3162
3139
3163
3139
3164
3138
3158
3135
3157
3136
3216
3137
3217
3138
3218
3219
3220
3221
3222
3203
3223
3188
3224
3145
3225
3146
3226
3147
3227
3148
3228
3149
3229
3150
3230
3151
3231
3152
3232
3153
3233
3154
3234
3155
3235
3157
3236
3225
3237
3216
3238
3219
3239
3239
3240
3240
3241
3241
3242
3163
3242
3243
3220
3244
3220
3245
3245
3246
3246
3247
3247
3248
3248
3249
3249
3250
3250
3251
3251
3252
3252
3253
3253
3254
3221
3254
3176
3255
3177
3256
3178
3257
3179
3258
3180
3259
3221
3260
3255
3261
3261
3262
3262
3263
3224
3263
3186
3265
3187
3266
3188
3267
3264
3268
3190
3269
3191
3270
3265
3271
3269
3272
3272
3273
3273
3274
3274
3275
3275
3276
3276
3277
3277
3278
3278
3279
3279
3280
3280
3281
3223
3281
3222
3282
3205
3283
3222
3284
3207
3285
3208
3286
3283
3287
3210
3288
3285
3289
3288
3290
3213
3237
3294
3293
3295
3291
3292
3292
3293
3217
3301
3218
3302
3219
3303
3304
3305
3306
3307
3282
3308
3264
3310
3226
3296
3227
3297
3228
3298
3229
3299
3230
3300
3231
3232
3312
3233
3313
3234
3314
3235
3315
3236
3316
3238
3317
3296
3320
3301
3321
3304
3322
3322
3323
3323
3324
3324
3325
3244
3311
3325
3305
3326
3305
3327
3327
3328
3328
3329
3329
3330
3330
3331
3331
3332
3332
3333
3333
3334
3334
3335
3306
3335
3256
3336
3257
3337
3258
3338
3259
3339
3260
3340
3306
3341
3336
3342
3342
3343
3310
3343
3309
3344
3266
3345
3267
3346
3268
3347
3309
3348
3270
3350
3271
3351
3345
3352
3350
3353
3353
3354
3354
3355
3355
3356
3356
3357
3357
3358
3358
3359
3359
3360
3360
3361
3308
3361
3307
3362
3284
3363
3307
3364
3286
3365
3287
3366
3363
3367
3289
3368
3365
3369
3368
3371
3370
3372
3372
3373
3318
3373
3295
3319
3320
3318
3319
3297
3381
3298
3382
3299
3383
3300
3384
3385
3302
3374
3303
3375
3304
3376
3377
3378
3379
3380
3362
3387
3349
3388
3344
3390
3326
3391
3392
3313
3393
3314
3394
3315
3395
3316
3396
3317
3397
3321
3398
3448
3449
3449
3450
3381
3450
3374
3399
3377
3400
3400
3401
3401
3402
3391
3402
3378
3403
3378
3404
3404
3405
3405
3406
3406
3407
3407
3408
3408
3409
3409
3410
3410
3411
3379
3411
3337
3412
3338
3413
3339
3414
3340
3415
3341
3416
3379
3417
3412
3418
3390
3418
3388
3419
3346
3420
3347
3421
3348
3422
3349
3423
3389
3424
3351
3426
3352
3427
3420
3428
3426
3429
3429
3430
3430
3431
3431
3432
3432
3433
3433
3434
3434
3435
3435
3436
3387
3436
3380
3437
3364
3438
3380
3439
3366
3440
3367
3441
3438
3442
3369
3443
3440
3444
3371
3445
3443
3446
3445
3447
3447
3448
3375
3451
3376
3452
3377
3453
3454
3455
3456
3457
3382
3458
3383
3459
3384
3460
3385
3461
3386
3462
3464
3437
3466
3389
3467
3425
3468
3419
3465
3392
3470
3403
3471
3394
3523
3395
3522
3396
3521
3397
3520
3398
3519
3399
3518
3451
3454
3472
3472
3473
3470
3473
3455
3474
3455
3475
3475
3476
3476
3477
3477
3478
3478
3479
3479
3480
3480
3481
3456
3481
3413
3482
3414
3483
3415
3484
3416
3485
3417
3486
3456
3487
3465
3482
3467
3524
3421
3488
3422
3489
3423
3490
3424
3491
3425
3492
3469
3493
3427
3495
3428
3496
3488
3497
3495
3498
3498
3499
3499
3500
3500
3501
3501
3502
3502
3503
3503
3504
3466
3504
3457
3505
3439
3506
3457
3507
3441
3508
3442
3509
3506
3510
3444
3511
3508
3512
3446
3513
3511
3514
3513
3515
3515
3516
3516
3517
3458
3517
3452
3577
3453
3576
3454
3575
3574
3535
3548
3527
3459
3528
3460
3529
3461
3530
3462
3531
3464
3532
3464
3533
3534
3524
3552
3505
3551
3468
3536
3469
3537
3494
3538
3471
3549
3474
3550
3574
3579
3549
3579
3535
3592
3535
3593
3570
3593
3570
3571
3571
3572
3572
3573
3573
3597
3548
3597
3483
3552
3484
3553
3485
3554
3486
3555
3487
3556
3548
3598
3489
3547
3490
3546
3491
3545
3492
3544
3493
3543
3494
3542
3539
3541
3496
3594
3497
3595
3547
3596
3557
3594
3557
3558
3558
3559
3559
3560
3560
3561
3561
3578
3551
3578
3527
3580
3507
3581
3527
3582
3509
3562
3510
3563
3564
3581
3512
3565
3562
3566
3514
3567
3565
3568
3567
3569
3569
3583
3528
3583
3519
3584
3520
3585
3521
3586
3522
3587
3523
3588
3525
3589
3536
3613
3526
3590
3533
3591
3625
3529
3624
3530
3623
3531
3622
3532
3621
3534
3620
3534
3618
3619
3617
3537
3612
3538
3611
3539
3610
3540
3609
3541
3607
3608
3542
3606
3543
3605
3544
3604
3545
3603
3546
3602
3547
3601
3600
3599
3550
3626
3592
3627
3580
3628
3553
3614
3554
3615
3555
3616
3556
3616
3598
3681
3644
3647
3643
3644
3642
3643
3641
3642
3641
3645
3563
3638
3564
3639
3640
3669
3566
3636
3637
3638
3568
3634
3635
3636
3633
3667
3632
3650
3631
3632
3630
3631
3630
3646
3575
3651
3576
3652
3577
3653
3654
3628
3645
3626
3651
3625
3668
3582
3669
3625
3670
3624
3667
3585
3629
3659
3586
3660
3587
3661
3588
3662
3589
3663
3590
3664
3591
3665
3618
3666
3617
3671
3617
3650
3595
3647
3596
3648
3600
3649
3599
3646
3599
3740
3699
3601
3691
3602
3692
3603
3693
3604
3694
3605
3695
3696
5775
3607
3698
5775
3608
3690
3609
3689
3610
3688
3611
3687
3612
3686
3613
3685
3614
3684
3615
3683
3616
3682
3681
3680
3619
3678
3620
3679
3621
3677
3622
3676
3623
3675
3624
3674
3673
3672
3627
3720
3671
3794
3668
3700
3657
3658
3738
3739
3737
3738
3736
3737
3634
3718
3719
3635
3716
3714
3717
3637
3714
3711
3715
3639
3711
3640
3712
3709
3713
3706
3707
3705
3706
3704
3705
3701
3704
3700
3707
3699
3739
3648
3701
3649
3702
3691
3703
3680
3736
3652
3720
3653
3721
3654
3722
3655
3723
3656
3724
3657
3725
3658
3726
3659
3727
3660
3728
3661
3729
3662
3730
3663
3731
3664
3732
3665
3733
3666
3734
3678
3735
3673
3719
3672
3708
3670
3709
3672
3710
3680
3771
3760
3674
3761
3675
3762
3676
3763
3677
3764
3679
3765
3679
3767
3766
3770
3682
3741
3683
3742
3684
3743
3685
3744
3686
3745
3687
3746
3688
3747
3689
3748
3690
3749
3698
3750
3692
3759
3693
3758
3694
3757
3695
3756
3696
3755
3754
5774
3698
3752
5774
5775
3751
3740
3769
3708
3768
3702
3776
3703
3777
3759
3778
3776
3779
3779
3780
3780
3781
3768
3781
3760
3782
3710
3783
3760
3784
3712
3785
3713
3786
3783
3787
3715
3788
3785
3789
3717
3718
3790
3788
3791
3792
3793
3761
3793
3721
3794
3722
3795
3723
3796
3724
3797
3725
3798
3726
3799
3727
3800
3728
3801
3729
3802
3730
3803
3731
3804
3732
3805
3733
3806
3734
3807
3735
3808
3809
5773
3770
3772
3772
3773
3773
3774
3769
3774
3741
3775
3742
3811
3743
3812
3744
3813
3745
3814
3746
3815
3747
3816
3748
3817
3749
3818
3750
3819
3751
3820
3752
3821
3753
3822
3754
3823
5774
3755
3824
3756
3825
3757
3826
3758
3827
3759
3828
3829
3830
3762
3831
3763
3832
3764
3833
3765
3834
3766
3835
3767
3837
3836
5773
3782
3838
3775
3839
3771
3840
3841
3861
3840
3842
3842
3843
3839
3843
3811
3844
3777
3845
3778
3846
3829
3847
3845
3848
3848
3849
3838
3849
3830
3850
3784
3851
3830
3878
3786
3852
3787
3853
3851
3854
3789
3855
3852
3856
3791
3792
3857
3855
3858
3859
3860
3831
3860
3795
3861
3796
3862
3797
3863
3798
3864
3799
3865
3866
5772
3801
3868
5772
3802
3869
3803
3870
3804
3871
3805
3872
3806
3873
3807
3874
3808
3875
3876
5771
3810
3879
5771
3836
3880
5773
3812
3895
3813
3896
3814
3897
3815
3898
3816
3899
3817
3900
3818
3901
3902
5770
3820
3904
5770
3821
3905
3822
3906
3823
3908
3824
3907
3825
3881
3826
3882
3827
3883
3828
3884
3829
3885
3886
3887
3832
3888
3833
3889
3834
3890
3835
3891
3837
3892
3837
3893
3894
3850
3911
3844
3909
3841
3946
3927
3947
3946
3948
3909
3948
3895
3949
3846
3912
3847
3913
3886
3914
3912
3915
3911
3915
3887
3916
3878
3910
3853
3917
3854
3918
3910
3919
3856
3921
3917
3923
3858
3859
3922
3921
3924
3925
3926
3888
3926
3862
3927
3863
3928
3864
3929
3865
3930
3866
3931
3867
3932
3868
3933
5772
3869
3934
3870
3935
3871
3936
3872
3937
3873
3938
3874
3939
3875
3940
3876
3941
3877
3942
3879
3943
5771
3887
3979
3880
3944
3893
3945
3882
3907
3883
3973
3884
3972
3885
3971
3886
3970
3969
3978
3889
3950
3890
3951
3891
3952
3892
3953
3894
3954
3894
3955
3956
3896
3957
3897
3958
3898
3959
3899
3960
3900
3961
3901
3962
3902
3963
3903
3964
3904
3965
5770
3905
3966
3906
3967
3908
3968
3908
3974
3975
3949
3977
3920
3980
3916
3976
3913
3914
3969
4016
3976
3978
3982
3918
3983
3919
3984
3920
3985
3981
3986
3923
3988
3924
3925
3990
3983
3989
3988
3991
3992
3993
3950
3993
3928
3994
3929
3995
3930
3996
3931
3997
3932
3998
3933
3999
3934
4000
3935
4001
3936
4002
3937
4003
3938
4004
3939
4005
3940
4006
3941
4007
3942
4008
3943
4009
3944
4010
3945
4011
3955
4012
3947
4013
3994
4014
3977
4013
3957
4015
3951
4031
3952
4032
3953
4033
3954
4034
3956
4035
3956
4037
4036
3958
4057
3959
4058
3960
4059
3961
4060
3962
4061
3963
4062
3964
4063
3965
4064
4065
5769
3967
4067
5769
3968
4068
3975
4069
3970
4021
3971
4020
3972
4019
3973
4018
4017
3975
4070
4071
3982
4072
4015
4078
3979
4022
3980
4023
3981
4024
3987
4025
4022
4073
3984
4030
3985
4029
3986
4028
3987
4027
4026
3989
4080
4030
4081
3991
3992
4075
4074
4080
4076
4077
4031
4077
3995
4056
3996
4055
3997
4054
3998
4053
3999
4052
4000
4051
4001
4050
4002
4049
4003
4048
4004
4047
4005
4046
4006
4045
4007
4044
4008
4043
4009
4042
4010
4041
4011
4040
4012
4039
4037
4038
4014
4078
4056
4079
4057
4110
4021
4145
4018
4150
4019
4149
4020
4148
4021
4147
4146
4023
4128
4024
4129
4025
4130
4131
4027
4136
4028
4135
4029
4134
4030
4133
4132
4032
4083
4033
4084
4034
4085
4035
4086
4036
4087
4037
4088
4089
4039
4090
4091
4040
4092
4041
4093
4042
4094
4043
4095
4044
4096
4045
4097
4046
4098
4047
4099
4048
4100
4049
4101
4050
4102
4051
4103
4052
4104
4053
4105
4054
4106
4055
4107
4056
4108
4109
4058
4111
4059
4112
4060
4113
4061
4114
4062
4115
4063
4116
4064
4117
4118
5768
4066
4120
5768
4067
4121
5769
4068
4122
4069
4123
4071
4124
4071
4125
4126
4073
4143
4128
4142
4075
4127
4138
4076
4127
4140
4141
4083
4141
4079
4110
4109
4206
4081
4138
4132
4139
4125
4153
4154
4084
4155
4085
4156
4086
4157
4087
4158
4088
4159
4089
4160
4090
4161
4091
4162
4092
4163
4164
5767
4094
4166
5767
4095
4167
4096
4168
4097
4169
4098
4170
4099
4171
4100
4173
4101
4172
4102
4215
4103
4214
4104
4213
4105
4212
4106
4211
4107
4210
4108
4209
4109
4208
4207
4111
4205
4112
4204
4113
4203
4114
4202
4115
4201
4116
4200
4117
4199
4118
4198
4119
4197
4120
4196
5768
4121
4195
4122
4194
4123
4193
4124
4192
4126
4191
4126
4178
4190
4140
4179
4129
4174
4130
4175
4131
4176
4180
4133
4186
4134
4185
4135
4184
4136
4183
4137
4182
4177
4181
4139
4179
4186
4232
4188
4189
4155
4189
4143
4174
4231
4144
4217
4145
4218
4146
4219
4147
4220
4148
4222
4149
4223
4150
4224
4151
4225
4152
4226
4153
4227
4154
4228
4178
4229
4156
4233
4157
4234
4158
4235
4159
4236
4160
4237
4161
4238
4162
4239
4163
4240
4164
4241
4165
4242
4166
4243
5767
4167
4244
4168
4245
4169
4246
4170
4247
4171
4248
4173
4249
4173
4216
4251
4250
4175
4281
4176
4282
4180
4283
4180
4291
4190
4230
4187
4188
4284
4182
4290
4293
4183
4289
4184
4288
4185
4287
4186
4286
4285
4232
4294
4295
4294
4296
4233
4296
4191
4280
4192
4279
4193
4278
4194
4277
4195
4276
4196
4275
4197
4274
4198
4273
4199
4272
4200
4271
4201
4270
4202
4269
4203
4268
4204
4267
4205
4266
4206
4265
4207
4264
4208
4263
4209
4262
4210
4261
4211
4260
4212
4259
4213
4258
4214
4257
4215
4256
4216
4255
4252
4253
4218
4231
4308
4219
4309
4221
4310
4221
4222
4298
4297
4311
4223
4299
4224
4300
4225
4301
4226
4302
4227
4303
4228
4304
4229
4305
4230
4306
4280
4307
4281
4314
4285
4295
4234
4329
4235
4330
4236
4331
4237
4332
4238
4333
4239
4334
4240
4335
4241
4336
4242
4337
4243
4338
4244
4339
4245
4340
4246
4341
4247
4342
4248
4343
4249
4344
4250
4345
4251
4346
4252
4347
4254
4348
4254
4255
4351
4349
4350
4256
4352
4257
4353
4258
4354
4259
4355
4260
4356
4261
4357
4262
4358
4263
4359
4264
4360
4265
4361
4266
4362
4267
4363
4268
4364
4269
4365
4270
4366
4271
4367
4272
4368
4273
4369
4274
4370
4275
4371
4276
4372
4277
4373
4278
4374
4279
4375
4280
4377
4376
4282
4315
4283
4316
4284
4317
4291
4318
4286
4328
4287
4327
4288
4326
4289
4325
4290
4324
4292
4323
4293
4319
4293
4321
4322
4320
4379
4380
4328
4379
4329
4380
4298
4312
4387
4299
4388
4300
4389
4301
4390
4302
4391
4303
4392
4304
4393
4305
4394
4306
4395
4307
4396
4376
4397
4309
4313
4314
4310
4381
4311
4382
4312
4383
4384
4386
4378
4381
5765
4315
4378
4316
4398
4317
4399
4318
4400
4319
4401
4320
4402
4321
4403
4322
4404
4323
4405
4324
4406
4325
4407
4326
4408
4327
4409
4328
4410
4411
4330
4412
4331
4413
4332
4414
4333
4415
4334
4416
4335
4417
4336
4418
4337
4419
4338
4420
4339
4421
4340
4422
4341
4423
4342
4424
4343
4425
4344
4426
4345
4427
4346
4428
4347
4429
4348
4430
4349
4431
4350
4432
4351
4433
4352
4434
4353
4435
4354
4436
4355
4437
4356
4438
4357
4439
4358
4440
4359
4441
4360
4442
4361
4444
4362
4443
4363
4445
4364
4446
4365
4447
4366
4448
4367
4449
4368
4450
4369
4451
4370
4452
4371
4453
4372
4454
4373
4455
4374
4456
4375
4457
4458
5766
4377
4460
4461
5766
4398
4481
4411
4480
4412
4480
4382
4479
4383
4478
4384
4477
4385
4476
4386
4474
4475
4387
4473
4388
4472
4389
4471
4390
4470
4391
4469
4392
4468
4393
4467
4394
4466
4395
4465
4396
4464
4397
4463
4460
4462
4399
4494
4400
4495
4401
4496
4497
5764
4403
4499
5764
4404
4500
4405
4501
4406
4502
4407
4503
4408
4504
4409
4505
4410
4506
4411
4507
4508
4413
4736
4414
4735
4415
4734
4416
4733
4417
4732
4418
4731
4419
4730
4420
4729
4421
4728
4422
4727
4423
4726
4424
4725
4425
4724
4426
4723
4427
4722
4428
4721
4429
4720
4430
4719
4431
4718
4432
4717
4433
4716
4434
4715
4435
4714
4436
4713
4712
5763
4438
4710
5763
4439
4709
4440
4708
4441
4707
4442
4706
4444
4705
4444
4445
4703
4704
4446
4702
4447
4701
4448
4700
4449
4699
4450
4698
4451
4697
4452
4696
4453
4695
4694
5762
4455
4692
5762
4456
4691
4457
4690
4458
4689
4459
4688
4687
5761
5766
4461
4684
4685
5761
4463
4682
4683
4464
4681
4465
4680
4679
5760
4467
4677
5760
4468
4676
4469
4482
4470
4483
4471
4484
4472
4485
4473
4486
4474
4487
4475
4488
4476
4489
4477
4490
4478
4491
4479
4492
4493
5765
4736
5757
4494
5756
5765
4824
5755
5759
4484
4826
5755
4485
4827
4486
4828
4487
4829
4488
4830
4489
4831
4490
4832
4491
4833
4492
4834
4493
4835
4836
5756
4495
4752
4496
4751
4497
4750
4498
4749
4499
4748
5764
4500
4747
4501
4746
4502
4745
4503
4744
4504
4743
4505
4742
4506
4741
4507
4740
4508
4739
4738
5757
4510
4511
4512
4513
4514
4515
4516
4517
4518
4519
4520
4521
4522
4523
4524
4525
4526
4527
4528
4529
4530
4531
4532
4533
4534
4535
4536
4537
4538
4539
4540
4541
4542
4543
4544
4545
5806
4546
4547
4548
4549
4550
4551
4552
4553
4554
4555
4556
4557
4558
4559
4560
4561
4562
4563
4564
4565
5798
4566
4567
4568
4569
4570
4571
4572
4573
4574
4575
4576
4577
4578
4579
4580
4581
4582
4583
4584
4585
4586
4587
4588
4589
4591
4592
4593
4594
4595
4596
4597
4598
4599
4600
4601
4602
5782
4603
4604
4605
4606
4607
4608
5778
4609
4610
4611
4612
4613
4614
5777
4615
5776
4616
4617
4618
4619
4620
4621
4622
4623
4624
4625
4626
4627
4628
4629
4630
4631
4632
4633
4634
4635
4636
4637
4638
4639
4640
4641
4642
4643
4644
4645
4646
4647
4648
4649
4650
4651
4652
4653
4654
4655
4656
4657
4658
4659
4660
4661
4662
4663
4664
4665
4666
4667
4668
4669
4670
4671
4672
4673
4674
4675
4677
4821
5758
4678
4820
4679
4819
5760
4680
4818
4681
4817
4682
4816
4683
4815
4684
4814
4685
4813
4686
4812
4687
4811
5761
4688
4810
4689
4809
4690
4808
4691
4807
4692
4806
4693
4805
4694
4804
5762
4695
4803
4696
4802
4697
4801
4698
4800
4699
4799
4700
4798
4701
4797
4702
4796
4703
4795
4704
4794
4705
4793
4706
4792
4707
4791
4708
4790
4709
4789
4710
4788
4711
4787
4712
4786
5763
4713
4785
4714
4784
4715
4783
4716
4782
4717
4781
4718
4780
4779
5754
4777
5753
5754
4721
4775
5753
4774
5752
4772
5751
5752
4724
4770
5751
4725
4769
4726
4768
4767
5750
4728
4765
5750
4764
5749
4762
5748
5749
4731
4760
5748
4732
4759
4758
5747
4734
4756
5747
4735
4755
4736
4754
4753
4738
4753
4923
5757
4739
4924
4740
4925
4741
4926
4742
4927
4743
4928
4744
4929
4745
4930
4746
4931
4747
4932
4748
4933
4749
4934
4750
4935
4751
4936
4752
4937
4837
4938
4754
4838
4755
4839
4756
4840
4757
4841
4758
4842
5747
4759
4843
4760
4844
4761
4845
4762
4846
5748
4763
4847
4764
4848
5749
4765
4849
4766
4850
4767
4851
5750
4768
4852
4769
4853
4770
4854
4771
4855
4772
4856
5751
4773
4857
4774
4858
5752
4775
4859
4776
4860
4777
4861
5753
4778
4862
4779
4863
5754
4780
4864
4781
4865
4782
4866
4783
4867
4784
4868
4785
4869
4786
4870
4787
4871
4788
4872
4789
4873
4790
4874
4791
4875
4792
4876
4793
4877
4794
4878
4795
4879
4796
4880
4797
4881
4798
4882
4799
4883
4800
4884
4801
4885
4802
4886
4803
4887
4804
4888
4805
4889
4806
4890
4807
4891
4808
4892
4809
4893
4810
4894
4811
4895
4812
4896
4813
4897
4814
4898
4815
4899
4816
4900
4817
4901
4818
4902
4819
4903
4820
4904
4821
4905
4822
4906
4823
4907
5758
4824
4908
5759
4825
4909
4826
4910
5755
4827
4911
4828
4912
4829
4913
4830
4914
4831
4915
4832
4916
4833
4917
4834
4918
4835
4919
4836
4920
4837
4921
4922
5756
4839
4923
4955
4840
4956
4841
4957
4842
4958
4843
4959
4844
4960
4845
4961
4846
4962
4847
4963
4848
4964
4849
4965
4850
4966
4851
4967
4852
4968
4853
4969
4854
4970
4855
4971
4856
4972
4857
4973
4858
4974
4859
4975
4860
4976
4861
4977
4862
4978
4863
4979
4864
4980
4865
4981
4866
4982
4867
4983
4868
4984
4869
4985
4870
4986
4871
4987
4872
4988
4873
4989
4874
4990
4875
4991
4876
4992
4877
4993
4878
4994
4879
4995
4880
4996
4881
4997
4882
4998
4883
4999
4884
5000
4885
5001
4886
5002
4887
5003
4888
5004
4889
5005
4890
5006
4891
5007
4892
5008
4893
5009
4894
5010
4895
5011
4896
5012
4897
5013
4898
5014
4899
5015
4900
5016
4901
5017
4902
5018
4903
5019
4904
5020
4905
5021
4906
5022
4907
5023
4908
5024
4909
5025
4910
5026
4911
5027
4912
5028
4913
5029
4914
5030
4915
5031
4916
5032
4917
5033
4918
5034
4919
5035
4920
5036
4921
5037
4922
5038
4938
5039
4924
4939
4925
4940
4926
4941
4927
4942
4928
4943
4929
4944
4930
4945
4931
4946
4932
4947
4933
4948
4934
4949
4935
4950
4936
4951
4937
4952
4938
4953
4954
4940
4955
5125
4941
5126
4942
5127
4943
5128
4944
5129
4945
5130
4946
5131
4947
5132
4948
5133
4949
5134
4950
5135
4951
5136
4952
5137
4953
5138
4954
5139
5039
5140
4956
5040
4957
5041
4958
5042
4959
5043
4960
5044
4961
5045
4962
5046
4963
5047
4964
5048
4965
5049
4966
5050
4967
5051
4968
5052
4969
5053
4970
5054
4971
5055
4972
5056
4973
5057
4974
5058
4975
5059
4976
5060
4977
5061
4978
5062
4979
5063
4980
5064
4981
5065
4982
5066
4983
5067
4984
5068
4985
5069
4986
5070
4987
5071
4988
5072
4989
5073
4990
5074
4991
5075
4992
5076
4993
5077
4994
5078
4995
5079
4996
5080
4997
5081
4998
5082
4999
5083
5000
5084
5001
5085
5002
5086
5003
5087
5004
5088
5005
5089
5006
5090
5007
5091
5008
5092
5009
5093
5010
5094
5011
5095
5012
5096
5013
5097
5014
5098
5015
5099
5016
5100
5017
5101
5018
5102
5019
5103
5020
5104
5021
5105
5022
5106
5023
5107
5024
5108
5025
5109
5026
5110
5027
5111
5028
5112
5029
5113
5030
5114
5031
5115
5032
5116
5033
5117
5034
5118
5035
5119
5036
5120
5037
5121
5038
5122
5039
5123
5124
5041
5125
5157
5042
5158
5043
5159
5044
5160
5045
5161
5046
5162
5047
5163
5048
5164
5049
5165
5050
5166
5051
5167
5052
5168
5053
5169
5054
5170
5055
5171
5056
5172
5057
5173
5058
5174
5059
5175
5060
5176
5061
5177
5062
5178
5063
5179
5064
5180
5065
5181
5066
5182
5067
5183
5068
5184
5069
5185
5070
5186
5071
5187
5072
5188
5073
5189
5074
5190
5075
5191
5076
5192
5077
5193
5078
5194
5079
5195
5080
5196
5081
5197
5082
5198
5083
5199
5084
5200
5085
5201
5086
5202
5087
5203
5088
5204
5089
5205
5090
5206
5091
5207
5092
5208
5093
5209
5094
5210
5095
5211
5096
5212
5097
5213
5098
5214
5099
5215
5100
5216
5101
5217
5102
5218
5103
5219
5104
5220
5105
5221
5106
5222
5107
5223
5108
5224
5109
5225
5110
5226
5111
5227
5112
5228
5113
5229
5114
5230
5115
5231
5116
5232
5117
5233
5118
5234
5119
5235
5120
5236
5121
5237
5122
5238
5123
5239
5124
5240
5140
5241
5126
5141
5127
5142
5128
5143
5129
5144
5130
5145
5131
5146
5132
5147
5133
5148
5134
5149
5135
5150
5136
5151
5137
5152
5138
5153
5139
5154
5140
5155
5156
5142
5157
5327
5143
5328
5144
5329
5145
5330
5146
5331
5147
5332
5148
5333
5149
5334
5150
5335
5151
5336
5152
5337
5153
5338
5154
5339
5155
5340
5156
5341
5241
5342
5158
5242
5159
5243
5160
5244
5161
5245
5162
5246
5163
5247
5164
5248
5165
5249
5166
5250
5167
5251
5168
5252
5169
5253
5170
5254
5171
5255
5172
5256
5173
5257
5174
5258
5175
5259
5176
5260
5177
5261
5178
5262
5179
5263
5180
5264
5181
5265
5182
5266
5183
5267
5184
5268
5185
5269
5186
5270
5187
5271
5188
5272
5189
5273
5190
5274
5191
5275
5192
5276
5193
5277
5194
5278
5195
5279
5196
5280
5197
5281
5198
5282
5199
5283
5200
5284
5201
5285
5202
5286
5203
5287
5204
5288
5205
5289
5206
5290
5207
5291
5208
5292
5209
5293
5210
5294
5211
5295
5212
5296
5213
5297
5214
5298
5215
5299
5216
5300
5217
5301
5218
5302
5219
5303
5220
5304
5221
5305
5222
5306
5223
5307
5224
5308
5225
5309
5226
5310
5227
5311
5228
5312
5229
5313
5230
5314
5231
5315
5232
5316
5233
5317
5234
5318
5235
5319
5236
5320
5237
5321
5238
5322
5239
5323
5240
5324
5241
5325
5326
5243
5327
5359
5244
5360
5245
5361
5246
5362
5247
5363
5248
5364
5249
5365
5250
5366
5251
5367
5252
5368
5253
5369
5254
5370
5255
5371
5256
5372
5257
5373
5258
5374
5259
5375
5260
5376
5261
5377
5262
5378
5263
5379
5264
5380
5265
5381
5266
5382
5267
5383
5268
5384
5269
5385
5270
5386
5271
5387
5272
5388
5273
5389
5274
5390
5275
5391
5276
5392
5277
5393
5278
5394
5279
5395
5280
5396
5281
5397
5282
5398
5283
5399
5284
5400
5285
5401
5286
5402
5287
5403
5288
5404
5289
5405
5290
5406
5291
5407
5292
5408
5293
5409
5294
5410
5295
5411
5296
5412
5297
5413
5298
5414
5299
5415
5300
5416
5301
5417
5302
5418
5303
5419
5304
5420
5305
5421
5306
5422
5307
5423
5308
5424
5309
5425
5310
5426
5311
5427
5312
5428
5313
5429
5314
5430
5315
5431
5316
5432
5317
5433
5318
5434
5319
5435
5320
5436
5321
5437
5322
5438
5323
5439
5324
5440
5325
5441
5326
5442
5342
5443
5328
5343
5329
5344
5330
5345
5331
5346
5332
5347
5333
5348
5334
5349
5335
5350
5336
5351
5337
5352
5338
5353
5339
5354
5340
5355
5341
5356
5342
5357
5358
5344
5359
5529
5345
5530
5346
5531
5347
5532
5348
5533
5349
5534
5350
5535
5351
5536
5352
5537
5353
5538
5354
5539
5355
5540
5356
5541
5357
5542
5358
5543
5443
5544
5360
5444
5361
5445
5362
5446
5363
5447
5364
5448
5365
5449
5366
5450
5367
5451
5368
5452
5369
5453
5370
5454
5371
5455
5372
5456
5373
5457
5374
5458
5375
5459
5376
5460
5377
5461
5378
5462
5379
5463
5380
5464
5381
5465
5382
5466
5383
5467
5384
5468
5385
5469
5386
5470
5387
5471
5388
5472
5389
5473
5390
5474
5391
5475
5392
5476
5393
5477
5394
5478
5395
5479
5396
5480
5397
5481
5398
5482
5399
5483
5400
5484
5401
5485
5402
5486
5403
5487
5404
5488
5405
5489
5406
5490
5407
5491
5408
5492
5409
5493
5410
5494
5411
5495
5412
5496
5413
5497
5414
5498
5415
5499
5416
5500
5417
5501
5418
5502
5419
5503
5420
5504
5421
5505
5422
5506
5423
5507
5424
5508
5425
5509
5426
5510
5427
5511
5428
5512
5429
5513
5430
5514
5431
5515
5432
5516
5433
5517
5434
5518
5435
5519
5436
5520
5437
5521
5438
5522
5439
5523
5440
5524
5441
5525
5442
5526
5443
5527
5528
5445
5529
5561
5446
5562
5447
5563
5448
5564
5449
5565
5450
5566
5451
5567
5452
5568
5453
5569
5454
5570
5455
5571
5456
5572
5457
5573
5458
5574
5459
5575
5460
5576
5461
5577
5462
5578
5463
5579
5464
5580
5465
5581
5466
5582
5467
5583
5468
5584
5469
5585
5470
5586
5471
5587
5472
5588
5473
5589
5474
5590
5475
5591
5476
5592
5477
5593
5478
5594
5479
5595
5480
5596
5481
5597
5482
5598
5483
5599
5484
5600
5485
5601
5486
5602
5487
5603
5488
5604
5489
5605
5490
5606
5491
5607
5492
5608
5493
5609
5494
5610
5495
5611
5496
5612
5497
5613
5498
5614
5499
5615
5500
5616
5501
5617
5502
5618
5503
5619
5504
5620
5505
5621
5506
5622
5507
5623
5508
5624
5509
5625
5510
5626
5511
5627
5512
5628
5513
5629
5514
5630
5515
5631
5516
5632
5517
5633
5518
5634
5519
5635
5520
5636
5521
5637
5522
5638
5523
5639
5524
5640
5525
5641
5526
5642
5527
5643
5528
5644
5544
5645
5530
5545
5531
5546
5532
5547
5533
5548
5534
5549
5535
5550
5536
5551
5537
5552
5538
5553
5539
5554
5540
5555
5541
5556
5542
5557
5543
5558
5544
5559
5560
5546
5561
5731
5547
5732
5548
5733
5549
5734
5550
5735
5551
5736
5552
5737
5553
5738
5554
5739
5555
5740
5556
5741
5557
5742
5558
5743
5559
5744
5560
5745
5645
5746
5562
5646
5563
5647
5564
5648
5565
5649
5566
5650
5567
5651
5568
5652
5569
5653
5570
5654
5571
5655
5572
5656
5573
5657
5574
5658
5575
5659
5576
5660
5577
5661
5578
5662
5579
5663
5580
5664
5581
5665
5582
5666
5583
5667
5584
5668
5585
5669
5586
5670
5587
5671
5588
5672
5589
5673
5590
5674
5591
5675
5592
5676
5593
5677
5594
5678
5595
5679
5596
5680
5597
5681
5598
5682
5599
5683
5600
5684
5601
5685
5602
5686
5603
5687
5604
5688
5605
5689
5606
5690
5607
5691
5608
5692
5609
5693
5610
5694
5611
5695
5612
5696
5613
5697
5614
5698
5615
5699
5616
5700
5617
5701
5618
5702
5619
5703
5620
5704
5621
5705
5622
5706
5623
5707
5624
5708
5625
5709
5626
5710
5627
5711
5628
5712
5629
5713
5630
5714
5631
5715
5632
5716
5633
5717
5634
5718
5635
5719
5636
5720
5637
5721
5638
5722
5639
5723
5640
5724
5641
5725
5642
5726
5643
5727
5644
5728
5645
5729
5730
5647
5731
5648
5649
5650
5651
5652
5653
5654
5655
5656
5657
5658
5659
5660
5661
5662
5663
5664
5665
5666
5667
5668
5669
5670
5671
5672
5673
5674
5675
5676
5677
5678
5679
5680
5681
5682
5683
5684
5685
5686
5687
5688
5689
5690
5691
5692
5693
5694
5695
5696
5697
5698
5699
5700
5701
5702
5703
5704
5705
5706
5707
5708
5709
5710
5711
5712
5713
5714
5715
5716
5717
5718
5719
5720
5721
5722
5723
5724
5725
5726
5727
5728
5729
5730
5746
5732
5733
5734
5735
5736
5737
5738
5739
5740
5741
5742
5743
5744
5745
5746
5759
)


// ************************************************************************* //
