/*--------------------------------*- C++ -*----------------------------------*\
  =========                 |
  \\      /  F ield         | OpenFOAM: The Open Source CFD Toolbox
   \\    /   O peration     | Website:  https://openfoam.org
    \\  /    A nd           | Version:  7
     \\/     M anipulation  |
\*---------------------------------------------------------------------------*/
FoamFile
{
    version     2.0;
    format      ascii;
    class       labelList;
    note        "nPoints: 19752 nCells: 9600 nFaces: 38676 nInternalFaces: 18924";
    location    "constant/polyMesh";
    object      neighbour;
}
// * * * * * * * * * * * * * * * * * * * * * * * * * * * * * * * * * * * * * //


18924
(
1
10
1590
2
11
1591
3
12
1592
4
13
1593
5
14
1594
6
15
1595
7
16
1596
8
17
1597
9
18
1598
19
1599
1600
11
20
12
21
13
22
14
23
15
24
16
25
17
26
18
27
19
28
29
1641
21
30
22
31
23
32
24
33
25
34
26
35
27
36
28
37
29
38
39
1682
31
40
32
41
33
42
34
43
35
44
36
45
37
46
38
47
39
48
49
1723
41
50
42
51
43
52
44
53
45
54
46
55
47
56
48
57
49
58
59
1764
51
60
52
61
53
62
54
63
55
64
56
65
57
66
58
67
59
68
69
1805
61
70
62
71
63
72
64
73
65
74
66
75
67
76
68
77
69
78
79
1846
71
80
72
81
73
82
74
83
75
84
76
85
77
86
78
87
79
88
89
1887
81
90
82
91
83
92
84
93
85
94
86
95
87
96
88
97
89
98
99
1928
91
100
92
101
93
102
94
103
95
104
96
105
97
106
98
107
99
108
109
1969
101
110
102
111
103
112
104
113
105
114
106
115
107
116
108
117
109
118
119
2010
111
120
112
121
113
122
114
123
115
124
116
125
117
126
118
127
119
128
129
2051
121
130
122
131
123
132
124
133
125
134
126
135
127
136
128
137
129
138
139
2092
131
140
132
141
133
142
134
143
135
144
136
145
137
146
138
147
139
148
149
2133
141
150
142
151
143
152
144
153
145
154
146
155
147
156
148
157
149
158
159
2174
151
160
152
161
153
162
154
163
155
164
156
165
157
166
158
167
159
168
169
2215
161
170
162
171
163
172
164
173
165
174
166
175
167
176
168
177
169
178
179
2256
171
180
172
181
173
182
174
183
175
184
176
185
177
186
178
187
179
188
189
2297
181
190
182
191
183
192
184
193
185
194
186
195
187
196
188
197
189
198
199
2338
191
200
192
201
193
202
194
203
195
204
196
205
197
206
198
207
199
208
209
2379
201
210
202
211
203
212
204
213
205
214
206
215
207
216
208
217
209
218
219
3669
211
220
212
221
213
222
214
223
215
224
216
225
217
226
218
227
219
228
229
3668
221
230
222
231
223
232
224
233
225
234
226
235
227
236
228
237
229
238
239
3667
231
240
232
241
233
242
234
243
235
244
236
245
237
246
238
247
239
248
249
3666
241
250
242
251
243
252
244
253
245
254
246
255
247
256
248
257
249
258
259
3665
251
260
252
261
253
262
254
263
255
264
256
265
257
266
258
267
259
268
269
3664
261
270
262
271
263
272
264
273
265
274
266
275
267
276
268
277
269
278
279
3663
271
280
272
281
273
282
274
283
275
284
276
285
277
286
278
287
279
288
289
3662
281
290
282
291
283
292
284
293
285
294
286
295
287
296
288
297
289
298
299
3661
291
300
292
301
293
302
294
303
295
304
296
305
297
306
298
307
299
308
309
3660
301
310
302
311
303
312
304
313
305
314
306
315
307
316
308
317
309
318
319
3659
311
320
312
321
313
322
314
323
315
324
316
325
317
326
318
327
319
328
329
3658
321
330
322
331
323
332
324
333
325
334
326
335
327
336
328
337
329
338
339
3657
331
340
332
341
333
342
334
343
335
344
336
345
337
346
338
347
339
348
349
3656
341
350
342
351
343
352
344
353
345
354
346
355
347
356
348
357
349
358
359
3655
351
360
352
361
353
362
354
363
355
364
356
365
357
366
358
367
359
368
369
3654
361
370
362
371
363
372
364
373
365
374
366
375
367
376
368
377
369
378
379
3653
371
380
372
381
373
382
374
383
375
384
376
385
377
386
378
387
379
388
389
3652
381
390
382
391
383
392
384
393
385
394
386
395
387
396
388
397
389
398
399
3651
391
400
392
401
393
402
394
403
395
404
396
405
397
406
398
407
399
408
409
3650
401
410
402
411
403
412
404
413
405
414
406
415
407
416
408
417
409
418
419
4269
411
420
412
421
413
422
414
423
415
424
416
425
417
426
418
427
419
428
429
4268
421
430
422
431
423
432
424
433
425
434
426
435
427
436
428
437
429
438
439
4267
431
440
432
441
433
442
434
443
435
444
436
445
437
446
438
447
439
448
449
4266
441
450
442
451
443
452
444
453
445
454
446
455
447
456
448
457
449
458
459
4265
451
460
452
461
453
462
454
463
455
464
456
465
457
466
458
467
459
468
469
4264
461
470
462
471
463
472
464
473
465
474
466
475
467
476
468
477
469
478
479
4263
471
480
472
481
473
482
474
483
475
484
476
485
477
486
478
487
479
488
489
4262
481
490
482
491
483
492
484
493
485
494
486
495
487
496
488
497
489
498
499
4261
491
500
492
501
493
502
494
503
495
504
496
505
497
506
498
507
499
508
509
4260
501
510
502
511
503
512
504
513
505
514
506
515
507
516
508
517
509
518
519
4259
511
520
512
521
513
522
514
523
515
524
516
525
517
526
518
527
519
528
529
4258
521
530
522
531
523
532
524
533
525
534
526
535
527
536
528
537
529
538
539
4257
531
540
532
541
533
542
534
543
535
544
536
545
537
546
538
547
539
548
549
4256
541
550
542
551
543
552
544
553
545
554
546
555
547
556
548
557
549
558
559
4255
551
560
552
561
553
562
554
563
555
564
556
565
557
566
558
567
559
568
569
4254
561
570
562
571
563
572
564
573
565
574
566
575
567
576
568
577
569
578
579
4253
571
580
572
581
573
582
574
583
575
584
576
585
577
586
578
587
579
588
589
4252
581
590
582
591
583
592
584
593
585
594
586
595
587
596
588
597
589
598
599
4251
591
600
592
601
593
602
594
603
595
604
596
605
597
606
598
607
599
608
609
4250
601
610
602
611
603
612
604
613
605
614
606
615
607
616
608
617
609
618
619
5599
611
620
612
621
613
622
614
623
615
624
616
625
617
626
618
627
619
628
629
5584
621
630
622
631
623
632
624
633
625
634
626
635
627
636
628
637
629
638
639
5569
631
640
632
641
633
642
634
643
635
644
636
645
637
646
638
647
639
648
649
5554
641
650
642
651
643
652
644
653
645
654
646
655
647
656
648
657
649
658
659
5539
651
660
652
661
653
662
654
663
655
664
656
665
657
666
658
667
659
668
669
5524
661
670
662
671
663
672
664
673
665
674
666
675
667
676
668
677
669
678
679
5509
671
680
672
681
673
682
674
683
675
684
676
685
677
686
678
687
679
688
689
5494
681
690
682
691
683
692
684
693
685
694
686
695
687
696
688
697
689
698
699
5479
691
700
692
701
693
702
694
703
695
704
696
705
697
706
698
707
699
708
709
5464
701
710
702
711
703
712
704
713
705
714
706
715
707
716
708
717
709
718
719
5449
711
720
712
721
713
722
714
723
715
724
716
725
717
726
718
727
719
728
729
5434
721
730
722
731
723
732
724
733
725
734
726
735
727
736
728
737
729
738
739
5419
731
740
732
741
733
742
734
743
735
744
736
745
737
746
738
747
739
748
749
5404
741
750
742
751
743
752
744
753
745
754
746
755
747
756
748
757
749
758
759
5389
751
760
752
761
753
762
754
763
755
764
756
765
757
766
758
767
759
768
769
5374
761
770
762
771
763
772
764
773
765
774
766
775
767
776
768
777
769
778
779
5359
771
780
772
781
773
782
774
783
775
784
776
785
777
786
778
787
779
788
789
5344
781
790
782
791
783
792
784
793
785
794
786
795
787
796
788
797
789
798
799
5329
791
800
792
801
793
802
794
803
795
804
796
805
797
806
798
807
799
808
809
5314
801
810
802
811
803
812
804
813
805
814
806
815
807
816
808
817
809
818
819
5899
811
820
812
821
813
822
814
823
815
824
816
825
817
826
818
827
819
828
829
5884
821
830
822
831
823
832
824
833
825
834
826
835
827
836
828
837
829
838
839
5869
831
840
832
841
833
842
834
843
835
844
836
845
837
846
838
847
839
848
849
5854
841
850
842
851
843
852
844
853
845
854
846
855
847
856
848
857
849
858
859
5839
851
860
852
861
853
862
854
863
855
864
856
865
857
866
858
867
859
868
869
5824
861
870
862
871
863
872
864
873
865
874
866
875
867
876
868
877
869
878
879
5809
871
880
872
881
873
882
874
883
875
884
876
885
877
886
878
887
879
888
889
5794
881
890
882
891
883
892
884
893
885
894
886
895
887
896
888
897
889
898
899
5779
891
900
892
901
893
902
894
903
895
904
896
905
897
906
898
907
899
908
909
5764
901
910
902
911
903
912
904
913
905
914
906
915
907
916
908
917
909
918
919
5749
911
920
912
921
913
922
914
923
915
924
916
925
917
926
918
927
919
928
929
5734
921
930
922
931
923
932
924
933
925
934
926
935
927
936
928
937
929
938
939
5719
931
940
932
941
933
942
934
943
935
944
936
945
937
946
938
947
939
948
949
5704
941
950
942
951
943
952
944
953
945
954
946
955
947
956
948
957
949
958
959
5689
951
960
952
961
953
962
954
963
955
964
956
965
957
966
958
967
959
968
969
5674
961
970
962
971
963
972
964
973
965
974
966
975
967
976
968
977
969
978
979
5659
971
980
972
981
973
982
974
983
975
984
976
985
977
986
978
987
979
988
989
5644
981
990
982
991
983
992
984
993
985
994
986
995
987
996
988
997
989
998
999
5629
991
1000
992
1001
993
1002
994
1003
995
1004
996
1005
997
1006
998
1007
999
1008
1009
5614
1001
1010
1002
1011
1003
1012
1004
1013
1005
1014
1006
1015
1007
1016
1008
1017
1009
1018
1019
6930
1011
1020
1012
1021
1013
1022
1014
1023
1015
1024
1016
1025
1017
1026
1018
1027
1019
1028
1029
6931
1021
1030
1022
1031
1023
1032
1024
1033
1025
1034
1026
1035
1027
1036
1028
1037
1029
1038
1039
6932
1031
1040
1032
1041
1033
1042
1034
1043
1035
1044
1036
1045
1037
1046
1038
1047
1039
1048
1049
6933
1041
1050
1042
1051
1043
1052
1044
1053
1045
1054
1046
1055
1047
1056
1048
1057
1049
1058
1059
6934
1051
1060
1052
1061
1053
1062
1054
1063
1055
1064
1056
1065
1057
1066
1058
1067
1059
1068
1069
6935
1061
1070
1062
1071
1063
1072
1064
1073
1065
1074
1066
1075
1067
1076
1068
1077
1069
1078
1079
6936
1071
1080
1072
1081
1073
1082
1074
1083
1075
1084
1076
1085
1077
1086
1078
1087
1079
1088
1089
6937
1081
1090
1082
1091
1083
1092
1084
1093
1085
1094
1086
1095
1087
1096
1088
1097
1089
1098
1099
6938
1091
1100
1092
1101
1093
1102
1094
1103
1095
1104
1096
1105
1097
1106
1098
1107
1099
1108
1109
6939
1101
1110
1102
1111
1103
1112
1104
1113
1105
1114
1106
1115
1107
1116
1108
1117
1109
1118
1119
6940
1111
1120
1112
1121
1113
1122
1114
1123
1115
1124
1116
1125
1117
1126
1118
1127
1119
1128
1129
6941
1121
1130
1122
1131
1123
1132
1124
1133
1125
1134
1126
1135
1127
1136
1128
1137
1129
1138
1139
6942
1131
1140
1132
1141
1133
1142
1134
1143
1135
1144
1136
1145
1137
1146
1138
1147
1139
1148
1149
6943
1141
1150
1142
1151
1143
1152
1144
1153
1145
1154
1146
1155
1147
1156
1148
1157
1149
1158
1159
6944
1151
1160
1152
1161
1153
1162
1154
1163
1155
1164
1156
1165
1157
1166
1158
1167
1159
1168
1169
6945
1161
1170
1162
1171
1163
1172
1164
1173
1165
1174
1166
1175
1167
1176
1168
1177
1169
1178
1179
6946
1171
1180
1172
1181
1173
1182
1174
1183
1175
1184
1176
1185
1177
1186
1178
1187
1179
1188
1189
6947
1181
1190
1182
1191
1183
1192
1184
1193
1185
1194
1186
1195
1187
1196
1188
1197
1189
1198
1199
6948
1191
1200
1192
1201
1193
1202
1194
1203
1195
1204
1196
1205
1197
1206
1198
1207
1199
1208
1209
6949
1201
1210
1202
1211
1203
1212
1204
1213
1205
1214
1206
1215
1207
1216
1208
1217
1209
1218
1219
7530
1211
1220
1212
1221
1213
1222
1214
1223
1215
1224
1216
1225
1217
1226
1218
1227
1219
1228
1229
7531
1221
1230
1222
1231
1223
1232
1224
1233
1225
1234
1226
1235
1227
1236
1228
1237
1229
1238
1239
7532
1231
1240
1232
1241
1233
1242
1234
1243
1235
1244
1236
1245
1237
1246
1238
1247
1239
1248
1249
7533
1241
1250
1242
1251
1243
1252
1244
1253
1245
1254
1246
1255
1247
1256
1248
1257
1249
1258
1259
7534
1251
1260
1252
1261
1253
1262
1254
1263
1255
1264
1256
1265
1257
1266
1258
1267
1259
1268
1269
7535
1261
1270
1262
1271
1263
1272
1264
1273
1265
1274
1266
1275
1267
1276
1268
1277
1269
1278
1279
7536
1271
1280
1272
1281
1273
1282
1274
1283
1275
1284
1276
1285
1277
1286
1278
1287
1279
1288
1289
7537
1281
1290
1282
1291
1283
1292
1284
1293
1285
1294
1286
1295
1287
1296
1288
1297
1289
1298
1299
7538
1291
1300
1292
1301
1293
1302
1294
1303
1295
1304
1296
1305
1297
1306
1298
1307
1299
1308
1309
7539
1301
1310
1302
1311
1303
1312
1304
1313
1305
1314
1306
1315
1307
1316
1308
1317
1309
1318
1319
7540
1311
1320
1312
1321
1313
1322
1314
1323
1315
1324
1316
1325
1317
1326
1318
1327
1319
1328
1329
7541
1321
1330
1322
1331
1323
1332
1324
1333
1325
1334
1326
1335
1327
1336
1328
1337
1329
1338
1339
7542
1331
1340
1332
1341
1333
1342
1334
1343
1335
1344
1336
1345
1337
1346
1338
1347
1339
1348
1349
7543
1341
1350
1342
1351
1343
1352
1344
1353
1345
1354
1346
1355
1347
1356
1348
1357
1349
1358
1359
7544
1351
1360
1352
1361
1353
1362
1354
1363
1355
1364
1356
1365
1357
1366
1358
1367
1359
1368
1369
7545
1361
1370
1362
1371
1363
1372
1364
1373
1365
1374
1366
1375
1367
1376
1368
1377
1369
1378
1379
7546
1371
1380
1372
1381
1373
1382
1374
1383
1375
1384
1376
1385
1377
1386
1378
1387
1379
1388
1389
7547
1381
1390
1382
1391
1383
1392
1384
1393
1385
1394
1386
1395
1387
1396
1388
1397
1389
1398
1399
7548
1391
1400
1392
1401
1393
1402
1394
1403
1395
1404
1396
1405
1397
1406
1398
1407
1399
1408
1409
7549
1401
1410
1402
1411
1403
1412
1404
1413
1405
1414
1406
1415
1407
1416
1408
1417
1409
1418
1419
8780
1411
1420
1412
1421
1413
1422
1414
1423
1415
1424
1416
1425
1417
1426
1418
1427
1419
1428
1429
8821
1421
1430
1422
1431
1423
1432
1424
1433
1425
1434
1426
1435
1427
1436
1428
1437
1429
1438
1439
8862
1431
1440
1432
1441
1433
1442
1434
1443
1435
1444
1436
1445
1437
1446
1438
1447
1439
1448
1449
8903
1441
1450
1442
1451
1443
1452
1444
1453
1445
1454
1446
1455
1447
1456
1448
1457
1449
1458
1459
8944
1451
1460
1452
1461
1453
1462
1454
1463
1455
1464
1456
1465
1457
1466
1458
1467
1459
1468
1469
8985
1461
1470
1462
1471
1463
1472
1464
1473
1465
1474
1466
1475
1467
1476
1468
1477
1469
1478
1479
9026
1471
1480
1472
1481
1473
1482
1474
1483
1475
1484
1476
1485
1477
1486
1478
1487
1479
1488
1489
9067
1481
1490
1482
1491
1483
1492
1484
1493
1485
1494
1486
1495
1487
1496
1488
1497
1489
1498
1499
9108
1491
1500
1492
1501
1493
1502
1494
1503
1495
1504
1496
1505
1497
1506
1498
1507
1499
1508
1509
9149
1501
1510
1502
1511
1503
1512
1504
1513
1505
1514
1506
1515
1507
1516
1508
1517
1509
1518
1519
9190
1511
1520
1512
1521
1513
1522
1514
1523
1515
1524
1516
1525
1517
1526
1518
1527
1519
1528
1529
9231
1521
1530
1522
1531
1523
1532
1524
1533
1525
1534
1526
1535
1527
1536
1528
1537
1529
1538
1539
9272
1531
1540
1532
1541
1533
1542
1534
1543
1535
1544
1536
1545
1537
1546
1538
1547
1539
1548
1549
9313
1541
1550
1542
1551
1543
1552
1544
1553
1545
1554
1546
1555
1547
1556
1548
1557
1549
1558
1559
9354
1551
1560
1552
1561
1553
1562
1554
1563
1555
1564
1556
1565
1557
1566
1558
1567
1559
1568
1569
9395
1561
1570
1562
1571
1563
1572
1564
1573
1565
1574
1566
1575
1567
1576
1568
1577
1569
1578
1579
9436
1571
1580
1572
1581
1573
1582
1574
1583
1575
1584
1576
1585
1577
1586
1578
1587
1579
1588
1589
9477
1581
1590
1582
1591
1583
1592
1584
1593
1585
1594
1586
1595
1587
1596
1588
1597
1589
1598
1599
9518
1591
1592
1593
1594
1595
1596
1597
1598
1599
9559
1601
1641
9559
1602
1642
9560
1603
1643
9561
1604
1644
9562
1605
1645
9563
1606
1646
9564
1607
1647
9565
1608
1648
9566
1609
1649
9567
1610
1650
9568
1611
1651
9569
1612
1652
9570
1613
1653
9571
1614
1654
9572
1615
1655
9573
1616
1656
9574
1617
1657
9575
1618
1658
9576
1619
1659
9577
1620
1660
9578
1621
1661
9579
1622
1662
9580
1623
1663
9581
1624
1664
9582
1625
1665
9583
1626
1666
9584
1627
1667
9585
1628
1668
9586
1629
1669
9587
1630
1670
9588
1631
1671
9589
1632
1672
9590
1633
1673
9591
1634
1674
9592
1635
1675
9593
1636
1676
9594
1637
1677
9595
1638
1678
9596
1639
1679
9597
1640
1680
9598
1681
9599
1642
1682
1643
1683
1644
1684
1645
1685
1646
1686
1647
1687
1648
1688
1649
1689
1650
1690
1651
1691
1652
1692
1653
1693
1654
1694
1655
1695
1656
1696
1657
1697
1658
1698
1659
1699
1660
1700
1661
1701
1662
1702
1663
1703
1664
1704
1665
1705
1666
1706
1667
1707
1668
1708
1669
1709
1670
1710
1671
1711
1672
1712
1673
1713
1674
1714
1675
1715
1676
1716
1677
1717
1678
1718
1679
1719
1680
1720
1681
1721
1722
1683
1723
1684
1724
1685
1725
1686
1726
1687
1727
1688
1728
1689
1729
1690
1730
1691
1731
1692
1732
1693
1733
1694
1734
1695
1735
1696
1736
1697
1737
1698
1738
1699
1739
1700
1740
1701
1741
1702
1742
1703
1743
1704
1744
1705
1745
1706
1746
1707
1747
1708
1748
1709
1749
1710
1750
1711
1751
1712
1752
1713
1753
1714
1754
1715
1755
1716
1756
1717
1757
1718
1758
1719
1759
1720
1760
1721
1761
1722
1762
1763
1724
1764
1725
1765
1726
1766
1727
1767
1728
1768
1729
1769
1730
1770
1731
1771
1732
1772
1733
1773
1734
1774
1735
1775
1736
1776
1737
1777
1738
1778
1739
1779
1740
1780
1741
1781
1742
1782
1743
1783
1744
1784
1745
1785
1746
1786
1747
1787
1748
1788
1749
1789
1750
1790
1751
1791
1752
1792
1753
1793
1754
1794
1755
1795
1756
1796
1757
1797
1758
1798
1759
1799
1760
1800
1761
1801
1762
1802
1763
1803
1804
1765
1805
1766
1806
1767
1807
1768
1808
1769
1809
1770
1810
1771
1811
1772
1812
1773
1813
1774
1814
1775
1815
1776
1816
1777
1817
1778
1818
1779
1819
1780
1820
1781
1821
1782
1822
1783
1823
1784
1824
1785
1825
1786
1826
1787
1827
1788
1828
1789
1829
1790
1830
1791
1831
1792
1832
1793
1833
1794
1834
1795
1835
1796
1836
1797
1837
1798
1838
1799
1839
1800
1840
1801
1841
1802
1842
1803
1843
1804
1844
1845
1806
1846
1807
1847
1808
1848
1809
1849
1810
1850
1811
1851
1812
1852
1813
1853
1814
1854
1815
1855
1816
1856
1817
1857
1818
1858
1819
1859
1820
1860
1821
1861
1822
1862
1823
1863
1824
1864
1825
1865
1826
1866
1827
1867
1828
1868
1829
1869
1830
1870
1831
1871
1832
1872
1833
1873
1834
1874
1835
1875
1836
1876
1837
1877
1838
1878
1839
1879
1840
1880
1841
1881
1842
1882
1843
1883
1844
1884
1845
1885
1886
1847
1887
1848
1888
1849
1889
1850
1890
1851
1891
1852
1892
1853
1893
1854
1894
1855
1895
1856
1896
1857
1897
1858
1898
1859
1899
1860
1900
1861
1901
1862
1902
1863
1903
1864
1904
1865
1905
1866
1906
1867
1907
1868
1908
1869
1909
1870
1910
1871
1911
1872
1912
1873
1913
1874
1914
1875
1915
1876
1916
1877
1917
1878
1918
1879
1919
1880
1920
1881
1921
1882
1922
1883
1923
1884
1924
1885
1925
1886
1926
1927
1888
1928
1889
1929
1890
1930
1891
1931
1892
1932
1893
1933
1894
1934
1895
1935
1896
1936
1897
1937
1898
1938
1899
1939
1900
1940
1901
1941
1902
1942
1903
1943
1904
1944
1905
1945
1906
1946
1907
1947
1908
1948
1909
1949
1910
1950
1911
1951
1912
1952
1913
1953
1914
1954
1915
1955
1916
1956
1917
1957
1918
1958
1919
1959
1920
1960
1921
1961
1922
1962
1923
1963
1924
1964
1925
1965
1926
1966
1927
1967
1968
1929
1969
1930
1970
1931
1971
1932
1972
1933
1973
1934
1974
1935
1975
1936
1976
1937
1977
1938
1978
1939
1979
1940
1980
1941
1981
1942
1982
1943
1983
1944
1984
1945
1985
1946
1986
1947
1987
1948
1988
1949
1989
1950
1990
1951
1991
1952
1992
1953
1993
1954
1994
1955
1995
1956
1996
1957
1997
1958
1998
1959
1999
1960
2000
1961
2001
1962
2002
1963
2003
1964
2004
1965
2005
1966
2006
1967
2007
1968
2008
2009
1970
2010
1971
2011
1972
2012
1973
2013
1974
2014
1975
2015
1976
2016
1977
2017
1978
2018
1979
2019
1980
2020
1981
2021
1982
2022
1983
2023
1984
2024
1985
2025
1986
2026
1987
2027
1988
2028
1989
2029
1990
2030
1991
2031
1992
2032
1993
2033
1994
2034
1995
2035
1996
2036
1997
2037
1998
2038
1999
2039
2000
2040
2001
2041
2002
2042
2003
2043
2004
2044
2005
2045
2006
2046
2007
2047
2008
2048
2009
2049
2050
2011
2051
2012
2052
2013
2053
2014
2054
2015
2055
2016
2056
2017
2057
2018
2058
2019
2059
2020
2060
2021
2061
2022
2062
2023
2063
2024
2064
2025
2065
2026
2066
2027
2067
2028
2068
2029
2069
2030
2070
2031
2071
2032
2072
2033
2073
2034
2074
2035
2075
2036
2076
2037
2077
2038
2078
2039
2079
2040
2080
2041
2081
2042
2082
2043
2083
2044
2084
2045
2085
2046
2086
2047
2087
2048
2088
2049
2089
2050
2090
2091
2052
2092
2053
2093
2054
2094
2055
2095
2056
2096
2057
2097
2058
2098
2059
2099
2060
2100
2061
2101
2062
2102
2063
2103
2064
2104
2065
2105
2066
2106
2067
2107
2068
2108
2069
2109
2070
2110
2071
2111
2072
2112
2073
2113
2074
2114
2075
2115
2076
2116
2077
2117
2078
2118
2079
2119
2080
2120
2081
2121
2082
2122
2083
2123
2084
2124
2085
2125
2086
2126
2087
2127
2088
2128
2089
2129
2090
2130
2091
2131
2132
2093
2133
2094
2134
2095
2135
2096
2136
2097
2137
2098
2138
2099
2139
2100
2140
2101
2141
2102
2142
2103
2143
2104
2144
2105
2145
2106
2146
2107
2147
2108
2148
2109
2149
2110
2150
2111
2151
2112
2152
2113
2153
2114
2154
2115
2155
2116
2156
2117
2157
2118
2158
2119
2159
2120
2160
2121
2161
2122
2162
2123
2163
2124
2164
2125
2165
2126
2166
2127
2167
2128
2168
2129
2169
2130
2170
2131
2171
2132
2172
2173
2134
2174
2135
2175
2136
2176
2137
2177
2138
2178
2139
2179
2140
2180
2141
2181
2142
2182
2143
2183
2144
2184
2145
2185
2146
2186
2147
2187
2148
2188
2149
2189
2150
2190
2151
2191
2152
2192
2153
2193
2154
2194
2155
2195
2156
2196
2157
2197
2158
2198
2159
2199
2160
2200
2161
2201
2162
2202
2163
2203
2164
2204
2165
2205
2166
2206
2167
2207
2168
2208
2169
2209
2170
2210
2171
2211
2172
2212
2173
2213
2214
2175
2215
2176
2216
2177
2217
2178
2218
2179
2219
2180
2220
2181
2221
2182
2222
2183
2223
2184
2224
2185
2225
2186
2226
2187
2227
2188
2228
2189
2229
2190
2230
2191
2231
2192
2232
2193
2233
2194
2234
2195
2235
2196
2236
2197
2237
2198
2238
2199
2239
2200
2240
2201
2241
2202
2242
2203
2243
2204
2244
2205
2245
2206
2246
2207
2247
2208
2248
2209
2249
2210
2250
2211
2251
2212
2252
2213
2253
2214
2254
2255
2216
2256
2217
2257
2218
2258
2219
2259
2220
2260
2221
2261
2222
2262
2223
2263
2224
2264
2225
2265
2226
2266
2227
2267
2228
2268
2229
2269
2230
2270
2231
2271
2232
2272
2233
2273
2234
2274
2235
2275
2236
2276
2237
2277
2238
2278
2239
2279
2240
2280
2241
2281
2242
2282
2243
2283
2244
2284
2245
2285
2246
2286
2247
2287
2248
2288
2249
2289
2250
2290
2251
2291
2252
2292
2253
2293
2254
2294
2255
2295
2296
2257
2297
2258
2298
2259
2299
2260
2300
2261
2301
2262
2302
2263
2303
2264
2304
2265
2305
2266
2306
2267
2307
2268
2308
2269
2309
2270
2310
2271
2311
2272
2312
2273
2313
2274
2314
2275
2315
2276
2316
2277
2317
2278
2318
2279
2319
2280
2320
2281
2321
2282
2322
2283
2323
2284
2324
2285
2325
2286
2326
2287
2327
2288
2328
2289
2329
2290
2330
2291
2331
2292
2332
2293
2333
2294
2334
2295
2335
2296
2336
2337
2298
2338
2299
2339
2300
2340
2301
2341
2302
2342
2303
2343
2304
2344
2305
2345
2306
2346
2307
2347
2308
2348
2309
2349
2310
2350
2311
2351
2312
2352
2313
2353
2314
2354
2315
2355
2316
2356
2317
2357
2318
2358
2319
2359
2320
2360
2321
2361
2322
2362
2323
2363
2324
2364
2325
2365
2326
2366
2327
2367
2328
2368
2329
2369
2330
2370
2331
2371
2332
2372
2333
2373
2334
2374
2335
2375
2336
2376
2337
2377
2378
2339
2379
2340
2380
2341
2381
2342
2382
2343
2383
2344
2384
2345
2385
2346
2386
2347
2387
2348
2388
2349
2389
2350
2390
2351
2391
2352
2392
2353
2393
2354
2394
2355
2395
2356
2396
2357
2397
2358
2398
2359
2399
2360
2400
2361
2401
2362
2402
2363
2403
2364
2404
2365
2405
2366
2406
2367
2407
2368
2408
2369
2409
2370
2410
2371
2411
2372
2412
2373
2413
2374
2414
2375
2415
2376
2416
2377
2417
2378
2418
2419
2380
2420
2381
2421
2382
2422
2383
2423
2384
2424
2385
2425
2386
2426
2387
2427
2388
2428
2389
2429
2390
2430
2391
2431
2392
2432
2393
2433
2394
2434
2395
2435
2396
2436
2397
2437
2398
2438
2399
2439
2400
2440
2401
2441
2402
2442
2403
2443
2404
2444
2405
2445
2406
2446
2407
2447
2408
2448
2409
2449
2410
2450
2411
2451
2412
2452
2413
2453
2414
2454
2415
2455
2416
2456
2417
2457
2418
2458
2419
2459
2460
2421
2461
3669
2422
2462
2423
2463
2424
2464
2425
2465
2426
2466
2427
2467
2428
2468
2429
2469
2430
2470
2431
2471
2432
2472
2433
2473
2434
2474
2435
2475
2436
2476
2437
2477
2438
2478
2439
2479
2440
2480
2441
2481
2442
2482
2443
2483
2444
2484
2445
2485
2446
2486
2447
2487
2448
2488
2449
2489
2450
2490
2451
2491
2452
2492
2453
2493
2454
2494
2455
2495
2456
2496
2457
2497
2458
2498
2459
2499
2460
2500
2501
2462
2502
3689
2463
2503
2464
2504
2465
2505
2466
2506
2467
2507
2468
2508
2469
2509
2470
2510
2471
2511
2472
2512
2473
2513
2474
2514
2475
2515
2476
2516
2477
2517
2478
2518
2479
2519
2480
2520
2481
2521
2482
2522
2483
2523
2484
2524
2485
2525
2486
2526
2487
2527
2488
2528
2489
2529
2490
2530
2491
2531
2492
2532
2493
2533
2494
2534
2495
2535
2496
2536
2497
2537
2498
2538
2499
2539
2500
2540
2501
2541
2542
2503
2543
3709
2504
2544
2505
2545
2506
2546
2507
2547
2508
2548
2509
2549
2510
2550
2511
2551
2512
2552
2513
2553
2514
2554
2515
2555
2516
2556
2517
2557
2518
2558
2519
2559
2520
2560
2521
2561
2522
2562
2523
2563
2524
2564
2525
2565
2526
2566
2527
2567
2528
2568
2529
2569
2530
2570
2531
2571
2532
2572
2533
2573
2534
2574
2535
2575
2536
2576
2537
2577
2538
2578
2539
2579
2540
2580
2541
2581
2542
2582
2583
2544
2584
3729
2545
2585
2546
2586
2547
2587
2548
2588
2549
2589
2550
2590
2551
2591
2552
2592
2553
2593
2554
2594
2555
2595
2556
2596
2557
2597
2558
2598
2559
2599
2560
2600
2561
2601
2562
2602
2563
2603
2564
2604
2565
2605
2566
2606
2567
2607
2568
2608
2569
2609
2570
2610
2571
2611
2572
2612
2573
2613
2574
2614
2575
2615
2576
2616
2577
2617
2578
2618
2579
2619
2580
2620
2581
2621
2582
2622
2583
2623
2624
2585
2625
3749
2586
2626
2587
2627
2588
2628
2589
2629
2590
2630
2591
2631
2592
2632
2593
2633
2594
2634
2595
2635
2596
2636
2597
2637
2598
2638
2599
2639
2600
2640
2601
2641
2602
2642
2603
2643
2604
2644
2605
2645
2606
2646
2607
2647
2608
2648
2609
2649
2610
2650
2611
2651
2612
2652
2613
2653
2614
2654
2615
2655
2616
2656
2617
2657
2618
2658
2619
2659
2620
2660
2621
2661
2622
2662
2623
2663
2624
2664
2665
2626
2666
3769
2627
2667
2628
2668
2629
2669
2630
2670
2631
2671
2632
2672
2633
2673
2634
2674
2635
2675
2636
2676
2637
2677
2638
2678
2639
2679
2640
2680
2641
2681
2642
2682
2643
2683
2644
2684
2645
2685
2646
2686
2647
2687
2648
2688
2649
2689
2650
2690
2651
2691
2652
2692
2653
2693
2654
2694
2655
2695
2656
2696
2657
2697
2658
2698
2659
2699
2660
2700
2661
2701
2662
2702
2663
2703
2664
2704
2665
2705
2706
2667
2707
3789
2668
2708
2669
2709
2670
2710
2671
2711
2672
2712
2673
2713
2674
2714
2675
2715
2676
2716
2677
2717
2678
2718
2679
2719
2680
2720
2681
2721
2682
2722
2683
2723
2684
2724
2685
2725
2686
2726
2687
2727
2688
2728
2689
2729
2690
2730
2691
2731
2692
2732
2693
2733
2694
2734
2695
2735
2696
2736
2697
2737
2698
2738
2699
2739
2700
2740
2701
2741
2702
2742
2703
2743
2704
2744
2705
2745
2706
2746
2747
2708
2748
3809
2709
2749
2710
2750
2711
2751
2712
2752
2713
2753
2714
2754
2715
2755
2716
2756
2717
2757
2718
2758
2719
2759
2720
2760
2721
2761
2722
2762
2723
2763
2724
2764
2725
2765
2726
2766
2727
2767
2728
2768
2729
2769
2730
2770
2731
2771
2732
2772
2733
2773
2734
2774
2735
2775
2736
2776
2737
2777
2738
2778
2739
2779
2740
2780
2741
2781
2742
2782
2743
2783
2744
2784
2745
2785
2746
2786
2747
2787
2788
2749
2789
3829
2750
2790
2751
2791
2752
2792
2753
2793
2754
2794
2755
2795
2756
2796
2757
2797
2758
2798
2759
2799
2760
2800
2761
2801
2762
2802
2763
2803
2764
2804
2765
2805
2766
2806
2767
2807
2768
2808
2769
2809
2770
2810
2771
2811
2772
2812
2773
2813
2774
2814
2775
2815
2776
2816
2777
2817
2778
2818
2779
2819
2780
2820
2781
2821
2782
2822
2783
2823
2784
2824
2785
2825
2786
2826
2787
2827
2788
2828
2829
2790
2830
3849
2791
2831
2792
2832
2793
2833
2794
2834
2795
2835
2796
2836
2797
2837
2798
2838
2799
2839
2800
2840
2801
2841
2802
2842
2803
2843
2804
2844
2805
2845
2806
2846
2807
2847
2808
2848
2809
2849
2810
2850
2811
2851
2812
2852
2813
2853
2814
2854
2815
2855
2816
2856
2817
2857
2818
2858
2819
2859
2820
2860
2821
2861
2822
2862
2823
2863
2824
2864
2825
2865
2826
2866
2827
2867
2828
2868
2829
2869
2870
2831
2871
3869
2832
2872
2833
2873
2834
2874
2835
2875
2836
2876
2837
2877
2838
2878
2839
2879
2840
2880
2841
2881
2842
2882
2843
2883
2844
2884
2845
2885
2846
2886
2847
2887
2848
2888
2849
2889
2850
2890
2851
2891
2852
2892
2853
2893
2854
2894
2855
2895
2856
2896
2857
2897
2858
2898
2859
2899
2860
2900
2861
2901
2862
2902
2863
2903
2864
2904
2865
2905
2866
2906
2867
2907
2868
2908
2869
2909
2870
2910
2911
2872
2912
3889
2873
2913
2874
2914
2875
2915
2876
2916
2877
2917
2878
2918
2879
2919
2880
2920
2881
2921
2882
2922
2883
2923
2884
2924
2885
2925
2886
2926
2887
2927
2888
2928
2889
2929
2890
2930
2891
2931
2892
2932
2893
2933
2894
2934
2895
2935
2896
2936
2897
2937
2898
2938
2899
2939
2900
2940
2901
2941
2902
2942
2903
2943
2904
2944
2905
2945
2906
2946
2907
2947
2908
2948
2909
2949
2910
2950
2911
2951
2952
2913
2953
3909
2914
2954
2915
2955
2916
2956
2917
2957
2918
2958
2919
2959
2920
2960
2921
2961
2922
2962
2923
2963
2924
2964
2925
2965
2926
2966
2927
2967
2928
2968
2929
2969
2930
2970
2931
2971
2932
2972
2933
2973
2934
2974
2935
2975
2936
2976
2937
2977
2938
2978
2939
2979
2940
2980
2941
2981
2942
2982
2943
2983
2944
2984
2945
2985
2946
2986
2947
2987
2948
2988
2949
2989
2950
2990
2951
2991
2952
2992
2993
2954
2994
3929
2955
2995
2956
2996
2957
2997
2958
2998
2959
2999
2960
3000
2961
3001
2962
3002
2963
3003
2964
3004
2965
3005
2966
3006
2967
3007
2968
3008
2969
3009
2970
3010
2971
3011
2972
3012
2973
3013
2974
3014
2975
3015
2976
3016
2977
3017
2978
3018
2979
3019
2980
3020
2981
3021
2982
3022
2983
3023
2984
3024
2985
3025
2986
3026
2987
3027
2988
3028
2989
3029
2990
3030
2991
3031
2992
3032
2993
3033
3034
2995
3035
3949
2996
3036
2997
3037
2998
3038
2999
3039
3000
3040
3001
3041
3002
3042
3003
3043
3004
3044
3005
3045
3006
3046
3007
3047
3008
3048
3009
3049
3010
3050
3011
3051
3012
3052
3013
3053
3014
3054
3015
3055
3016
3056
3017
3057
3018
3058
3019
3059
3020
3060
3021
3061
3022
3062
3023
3063
3024
3064
3025
3065
3026
3066
3027
3067
3028
3068
3029
3069
3030
3070
3031
3071
3032
3072
3033
3073
3034
3074
3075
3036
3076
3969
3037
3077
3038
3078
3039
3079
3040
3080
3041
3081
3042
3082
3043
3083
3044
3084
3045
3085
3046
3086
3047
3087
3048
3088
3049
3089
3050
3090
3051
3091
3052
3092
3053
3093
3054
3094
3055
3095
3056
3096
3057
3097
3058
3098
3059
3099
3060
3100
3061
3101
3062
3102
3063
3103
3064
3104
3065
3105
3066
3106
3067
3107
3068
3108
3069
3109
3070
3110
3071
3111
3072
3112
3073
3113
3074
3114
3075
3115
3116
3077
3117
3989
3078
3118
3079
3119
3080
3120
3081
3121
3082
3122
3083
3123
3084
3124
3085
3125
3086
3126
3087
3127
3088
3128
3089
3129
3090
3130
3091
3131
3092
3132
3093
3133
3094
3134
3095
3135
3096
3136
3097
3137
3098
3138
3099
3139
3100
3140
3101
3141
3102
3142
3103
3143
3104
3144
3105
3145
3106
3146
3107
3147
3108
3148
3109
3149
3110
3150
3111
3151
3112
3152
3113
3153
3114
3154
3115
3155
3116
3156
3157
3118
3158
4009
3119
3159
3120
3160
3121
3161
3122
3162
3123
3163
3124
3164
3125
3165
3126
3166
3127
3167
3128
3168
3129
3169
3130
3170
3131
3171
3132
3172
3133
3173
3134
3174
3135
3175
3136
3176
3137
3177
3138
3178
3139
3179
3140
3180
3141
3181
3142
3182
3143
3183
3144
3184
3145
3185
3146
3186
3147
3187
3148
3188
3149
3189
3150
3190
3151
3191
3152
3192
3153
3193
3154
3194
3155
3195
3156
3196
3157
3197
3198
3159
3199
4029
3160
3200
3161
3201
3162
3202
3163
3203
3164
3204
3165
3205
3166
3206
3167
3207
3168
3208
3169
3209
3170
3210
3171
3211
3172
3212
3173
3213
3174
3214
3175
3215
3176
3216
3177
3217
3178
3218
3179
3219
3180
3220
3181
3221
3182
3222
3183
3223
3184
3224
3185
3225
3186
3226
3187
3227
3188
3228
3189
3229
3190
3230
3191
3231
3192
3232
3193
3233
3194
3234
3195
3235
3196
3236
3197
3237
3198
3238
3239
3200
3240
4049
3201
3241
3202
3242
3203
3243
3204
3244
3205
3245
3206
3246
3207
3247
3208
3248
3209
3249
3210
3250
3211
3251
3212
3252
3213
3253
3214
3254
3215
3255
3216
3256
3217
3257
3218
3258
3219
3259
3220
3260
3221
3261
3222
3262
3223
3263
3224
3264
3225
3265
3226
3266
3227
3267
3228
3268
3229
3269
3230
3270
3231
3271
3232
3272
3233
3273
3234
3274
3235
3275
3236
3276
3237
3277
3238
3278
3239
3279
3280
3241
3281
4069
3242
3282
3243
3283
3244
3284
3245
3285
3246
3286
3247
3287
3248
3288
3249
3289
3250
3290
3251
3291
3252
3292
3253
3293
3254
3294
3255
3295
3256
3296
3257
3297
3258
3298
3259
3299
3260
3300
3261
3301
3262
3302
3263
3303
3264
3304
3265
3305
3266
3306
3267
3307
3268
3308
3269
3309
3270
3310
3271
3311
3272
3312
3273
3313
3274
3314
3275
3315
3276
3316
3277
3317
3278
3318
3279
3319
3280
3320
3321
3282
3322
4089
3283
3323
3284
3324
3285
3325
3286
3326
3287
3327
3288
3328
3289
3329
3290
3330
3291
3331
3292
3332
3293
3333
3294
3334
3295
3335
3296
3336
3297
3337
3298
3338
3299
3339
3300
3340
3301
3341
3302
3342
3303
3343
3304
3344
3305
3345
3306
3346
3307
3347
3308
3348
3309
3349
3310
3350
3311
3351
3312
3352
3313
3353
3314
3354
3315
3355
3316
3356
3317
3357
3318
3358
3319
3359
3320
3360
3321
3361
3362
3323
3363
4109
3324
3364
3325
3365
3326
3366
3327
3367
3328
3368
3329
3369
3330
3370
3331
3371
3332
3372
3333
3373
3334
3374
3335
3375
3336
3376
3337
3377
3338
3378
3339
3379
3340
3380
3341
3381
3342
3382
3343
3383
3344
3384
3345
3385
3346
3386
3347
3387
3348
3388
3349
3389
3350
3390
3351
3391
3352
3392
3353
3393
3354
3394
3355
3395
3356
3396
3357
3397
3358
3398
3359
3399
3360
3400
3361
3401
3362
3402
3403
3364
3404
4129
3365
3405
3366
3406
3367
3407
3368
3408
3369
3409
3370
3410
3371
3411
3372
3412
3373
3413
3374
3414
3375
3415
3376
3416
3377
3417
3378
3418
3379
3419
3380
3420
3381
3421
3382
3422
3383
3423
3384
3424
3385
3425
3386
3426
3387
3427
3388
3428
3389
3429
3390
3430
3391
3431
3392
3432
3393
3433
3394
3434
3395
3435
3396
3436
3397
3437
3398
3438
3399
3439
3400
3440
3401
3441
3402
3442
3403
3443
3444
3405
3445
4149
3406
3446
3407
3447
3408
3448
3409
3449
3410
3450
3411
3451
3412
3452
3413
3453
3414
3454
3415
3455
3416
3456
3417
3457
3418
3458
3419
3459
3420
3460
3421
3461
3422
3462
3423
3463
3424
3464
3425
3465
3426
3466
3427
3467
3428
3468
3429
3469
3430
3470
3431
3471
3432
3472
3433
3473
3434
3474
3435
3475
3436
3476
3437
3477
3438
3478
3439
3479
3440
3480
3441
3481
3442
3482
3443
3483
3444
3484
3485
3446
3486
4169
3447
3487
3448
3488
3449
3489
3450
3490
3451
3491
3452
3492
3453
3493
3454
3494
3455
3495
3456
3496
3457
3497
3458
3498
3459
3499
3460
3500
3461
3501
3462
3502
3463
3503
3464
3504
3465
3505
3466
3506
3467
3507
3468
3508
3469
3509
3470
3510
3471
3511
3472
3512
3473
3513
3474
3514
3475
3515
3476
3516
3477
3517
3478
3518
3479
3519
3480
3520
3481
3521
3482
3522
3483
3523
3484
3524
3485
3525
3526
3487
3527
4189
3488
3528
3489
3529
3490
3530
3491
3531
3492
3532
3493
3533
3494
3534
3495
3535
3496
3536
3497
3537
3498
3538
3499
3539
3500
3540
3501
3541
3502
3542
3503
3543
3504
3544
3505
3545
3506
3546
3507
3547
3508
3548
3509
3549
3510
3550
3511
3551
3512
3552
3513
3553
3514
3554
3515
3555
3516
3556
3517
3557
3518
3558
3519
3559
3520
3560
3521
3561
3522
3562
3523
3563
3524
3564
3525
3565
3526
3566
3567
3528
3568
4209
3529
3569
3530
3570
3531
3571
3532
3572
3533
3573
3534
3574
3535
3575
3536
3576
3537
3577
3538
3578
3539
3579
3540
3580
3541
3581
3542
3582
3543
3583
3544
3584
3545
3585
3546
3586
3547
3587
3548
3588
3549
3589
3550
3590
3551
3591
3552
3592
3553
3593
3554
3594
3555
3595
3556
3596
3557
3597
3558
3598
3559
3599
3560
3600
3561
3601
3562
3602
3563
3603
3564
3604
3565
3605
3566
3606
3567
3607
3608
3569
3609
4229
3570
3610
3571
3611
3572
3612
3573
3613
3574
3614
3575
3615
3576
3616
3577
3617
3578
3618
3579
3619
3580
3620
3581
3621
3582
3622
3583
3623
3584
3624
3585
3625
3586
3626
3587
3627
3588
3628
3589
3629
3590
3630
3591
3631
3592
3632
3593
3633
3594
3634
3595
3635
3596
3636
3597
3637
3598
3638
3599
3639
3600
3640
3601
3641
3602
3642
3603
3643
3604
3644
3605
3645
3606
3646
3607
3647
3608
3648
3649
3610
4249
3611
3612
3613
3614
3615
3616
3617
3618
3619
3620
3621
3622
3623
3624
3625
3626
3627
3628
3629
3630
3631
3632
3633
3634
3635
3636
3637
3638
3639
3640
3641
3642
3643
3644
3645
3646
3647
3648
3649
3651
3670
4269
3652
3671
3653
3672
3654
3673
3655
3674
3656
3675
3657
3676
3658
3677
3659
3678
3660
3679
3661
3680
3662
3681
3663
3682
3664
3683
3665
3684
3666
3685
3667
3686
3668
3687
3669
3688
3689
3671
3690
4289
3672
3691
3673
3692
3674
3693
3675
3694
3676
3695
3677
3696
3678
3697
3679
3698
3680
3699
3681
3700
3682
3701
3683
3702
3684
3703
3685
3704
3686
3705
3687
3706
3688
3707
3689
3708
3709
3691
3710
4309
3692
3711
3693
3712
3694
3713
3695
3714
3696
3715
3697
3716
3698
3717
3699
3718
3700
3719
3701
3720
3702
3721
3703
3722
3704
3723
3705
3724
3706
3725
3707
3726
3708
3727
3709
3728
3729
3711
3730
4329
3712
3731
3713
3732
3714
3733
3715
3734
3716
3735
3717
3736
3718
3737
3719
3738
3720
3739
3721
3740
3722
3741
3723
3742
3724
3743
3725
3744
3726
3745
3727
3746
3728
3747
3729
3748
3749
3731
3750
4349
3732
3751
3733
3752
3734
3753
3735
3754
3736
3755
3737
3756
3738
3757
3739
3758
3740
3759
3741
3760
3742
3761
3743
3762
3744
3763
3745
3764
3746
3765
3747
3766
3748
3767
3749
3768
3769
3751
3770
4369
3752
3771
3753
3772
3754
3773
3755
3774
3756
3775
3757
3776
3758
3777
3759
3778
3760
3779
3761
3780
3762
3781
3763
3782
3764
3783
3765
3784
3766
3785
3767
3786
3768
3787
3769
3788
3789
3771
3790
4389
3772
3791
3773
3792
3774
3793
3775
3794
3776
3795
3777
3796
3778
3797
3779
3798
3780
3799
3781
3800
3782
3801
3783
3802
3784
3803
3785
3804
3786
3805
3787
3806
3788
3807
3789
3808
3809
3791
3810
4409
3792
3811
3793
3812
3794
3813
3795
3814
3796
3815
3797
3816
3798
3817
3799
3818
3800
3819
3801
3820
3802
3821
3803
3822
3804
3823
3805
3824
3806
3825
3807
3826
3808
3827
3809
3828
3829
3811
3830
4429
3812
3831
3813
3832
3814
3833
3815
3834
3816
3835
3817
3836
3818
3837
3819
3838
3820
3839
3821
3840
3822
3841
3823
3842
3824
3843
3825
3844
3826
3845
3827
3846
3828
3847
3829
3848
3849
3831
3850
4449
3832
3851
3833
3852
3834
3853
3835
3854
3836
3855
3837
3856
3838
3857
3839
3858
3840
3859
3841
3860
3842
3861
3843
3862
3844
3863
3845
3864
3846
3865
3847
3866
3848
3867
3849
3868
3869
3851
3870
4469
3852
3871
3853
3872
3854
3873
3855
3874
3856
3875
3857
3876
3858
3877
3859
3878
3860
3879
3861
3880
3862
3881
3863
3882
3864
3883
3865
3884
3866
3885
3867
3886
3868
3887
3869
3888
3889
3871
3890
4489
3872
3891
3873
3892
3874
3893
3875
3894
3876
3895
3877
3896
3878
3897
3879
3898
3880
3899
3881
3900
3882
3901
3883
3902
3884
3903
3885
3904
3886
3905
3887
3906
3888
3907
3889
3908
3909
3891
3910
4509
3892
3911
3893
3912
3894
3913
3895
3914
3896
3915
3897
3916
3898
3917
3899
3918
3900
3919
3901
3920
3902
3921
3903
3922
3904
3923
3905
3924
3906
3925
3907
3926
3908
3927
3909
3928
3929
3911
3930
4529
3912
3931
3913
3932
3914
3933
3915
3934
3916
3935
3917
3936
3918
3937
3919
3938
3920
3939
3921
3940
3922
3941
3923
3942
3924
3943
3925
3944
3926
3945
3927
3946
3928
3947
3929
3948
3949
3931
3950
4549
3932
3951
3933
3952
3934
3953
3935
3954
3936
3955
3937
3956
3938
3957
3939
3958
3940
3959
3941
3960
3942
3961
3943
3962
3944
3963
3945
3964
3946
3965
3947
3966
3948
3967
3949
3968
3969
3951
3970
4569
3952
3971
3953
3972
3954
3973
3955
3974
3956
3975
3957
3976
3958
3977
3959
3978
3960
3979
3961
3980
3962
3981
3963
3982
3964
3983
3965
3984
3966
3985
3967
3986
3968
3987
3969
3988
3989
3971
3990
4589
3972
3991
3973
3992
3974
3993
3975
3994
3976
3995
3977
3996
3978
3997
3979
3998
3980
3999
3981
4000
3982
4001
3983
4002
3984
4003
3985
4004
3986
4005
3987
4006
3988
4007
3989
4008
4009
3991
4010
4609
3992
4011
3993
4012
3994
4013
3995
4014
3996
4015
3997
4016
3998
4017
3999
4018
4000
4019
4001
4020
4002
4021
4003
4022
4004
4023
4005
4024
4006
4025
4007
4026
4008
4027
4009
4028
4029
4011
4030
4629
4012
4031
4013
4032
4014
4033
4015
4034
4016
4035
4017
4036
4018
4037
4019
4038
4020
4039
4021
4040
4022
4041
4023
4042
4024
4043
4025
4044
4026
4045
4027
4046
4028
4047
4029
4048
4049
4031
4050
4649
4032
4051
4033
4052
4034
4053
4035
4054
4036
4055
4037
4056
4038
4057
4039
4058
4040
4059
4041
4060
4042
4061
4043
4062
4044
4063
4045
4064
4046
4065
4047
4066
4048
4067
4049
4068
4069
4051
4070
4669
4052
4071
4053
4072
4054
4073
4055
4074
4056
4075
4057
4076
4058
4077
4059
4078
4060
4079
4061
4080
4062
4081
4063
4082
4064
4083
4065
4084
4066
4085
4067
4086
4068
4087
4069
4088
4089
4071
4090
4689
4072
4091
4073
4092
4074
4093
4075
4094
4076
4095
4077
4096
4078
4097
4079
4098
4080
4099
4081
4100
4082
4101
4083
4102
4084
4103
4085
4104
4086
4105
4087
4106
4088
4107
4089
4108
4109
4091
4110
4709
4092
4111
4093
4112
4094
4113
4095
4114
4096
4115
4097
4116
4098
4117
4099
4118
4100
4119
4101
4120
4102
4121
4103
4122
4104
4123
4105
4124
4106
4125
4107
4126
4108
4127
4109
4128
4129
4111
4130
4729
4112
4131
4113
4132
4114
4133
4115
4134
4116
4135
4117
4136
4118
4137
4119
4138
4120
4139
4121
4140
4122
4141
4123
4142
4124
4143
4125
4144
4126
4145
4127
4146
4128
4147
4129
4148
4149
4131
4150
4749
4132
4151
4133
4152
4134
4153
4135
4154
4136
4155
4137
4156
4138
4157
4139
4158
4140
4159
4141
4160
4142
4161
4143
4162
4144
4163
4145
4164
4146
4165
4147
4166
4148
4167
4149
4168
4169
4151
4170
4769
4152
4171
4153
4172
4154
4173
4155
4174
4156
4175
4157
4176
4158
4177
4159
4178
4160
4179
4161
4180
4162
4181
4163
4182
4164
4183
4165
4184
4166
4185
4167
4186
4168
4187
4169
4188
4189
4171
4190
4789
4172
4191
4173
4192
4174
4193
4175
4194
4176
4195
4177
4196
4178
4197
4179
4198
4180
4199
4181
4200
4182
4201
4183
4202
4184
4203
4185
4204
4186
4205
4187
4206
4188
4207
4189
4208
4209
4191
4210
4809
4192
4211
4193
4212
4194
4213
4195
4214
4196
4215
4197
4216
4198
4217
4199
4218
4200
4219
4201
4220
4202
4221
4203
4222
4204
4223
4205
4224
4206
4225
4207
4226
4208
4227
4209
4228
4229
4211
4230
4829
4212
4231
4213
4232
4214
4233
4215
4234
4216
4235
4217
4236
4218
4237
4219
4238
4220
4239
4221
4240
4222
4241
4223
4242
4224
4243
4225
4244
4226
4245
4227
4246
4228
4247
4229
4248
4249
4231
4849
4232
4233
4234
4235
4236
4237
4238
4239
4240
4241
4242
4243
4244
4245
4246
4247
4248
4249
4251
4270
4864
4252
4271
4253
4272
4254
4273
4255
4274
4256
4275
4257
4276
4258
4277
4259
4278
4260
4279
4261
4280
4262
4281
4263
4282
4264
4283
4265
4284
4266
4285
4267
4286
4268
4287
4269
4288
4289
4271
4290
4879
4272
4291
4273
4292
4274
4293
4275
4294
4276
4295
4277
4296
4278
4297
4279
4298
4280
4299
4281
4300
4282
4301
4283
4302
4284
4303
4285
4304
4286
4305
4287
4306
4288
4307
4289
4308
4309
4291
4310
4894
4292
4311
4293
4312
4294
4313
4295
4314
4296
4315
4297
4316
4298
4317
4299
4318
4300
4319
4301
4320
4302
4321
4303
4322
4304
4323
4305
4324
4306
4325
4307
4326
4308
4327
4309
4328
4329
4311
4330
4909
4312
4331
4313
4332
4314
4333
4315
4334
4316
4335
4317
4336
4318
4337
4319
4338
4320
4339
4321
4340
4322
4341
4323
4342
4324
4343
4325
4344
4326
4345
4327
4346
4328
4347
4329
4348
4349
4331
4350
4924
4332
4351
4333
4352
4334
4353
4335
4354
4336
4355
4337
4356
4338
4357
4339
4358
4340
4359
4341
4360
4342
4361
4343
4362
4344
4363
4345
4364
4346
4365
4347
4366
4348
4367
4349
4368
4369
4351
4370
4939
4352
4371
4353
4372
4354
4373
4355
4374
4356
4375
4357
4376
4358
4377
4359
4378
4360
4379
4361
4380
4362
4381
4363
4382
4364
4383
4365
4384
4366
4385
4367
4386
4368
4387
4369
4388
4389
4371
4390
4954
4372
4391
4373
4392
4374
4393
4375
4394
4376
4395
4377
4396
4378
4397
4379
4398
4380
4399
4381
4400
4382
4401
4383
4402
4384
4403
4385
4404
4386
4405
4387
4406
4388
4407
4389
4408
4409
4391
4410
4969
4392
4411
4393
4412
4394
4413
4395
4414
4396
4415
4397
4416
4398
4417
4399
4418
4400
4419
4401
4420
4402
4421
4403
4422
4404
4423
4405
4424
4406
4425
4407
4426
4408
4427
4409
4428
4429
4411
4430
4984
4412
4431
4413
4432
4414
4433
4415
4434
4416
4435
4417
4436
4418
4437
4419
4438
4420
4439
4421
4440
4422
4441
4423
4442
4424
4443
4425
4444
4426
4445
4427
4446
4428
4447
4429
4448
4449
4431
4450
4999
4432
4451
4433
4452
4434
4453
4435
4454
4436
4455
4437
4456
4438
4457
4439
4458
4440
4459
4441
4460
4442
4461
4443
4462
4444
4463
4445
4464
4446
4465
4447
4466
4448
4467
4449
4468
4469
4451
4470
5014
4452
4471
4453
4472
4454
4473
4455
4474
4456
4475
4457
4476
4458
4477
4459
4478
4460
4479
4461
4480
4462
4481
4463
4482
4464
4483
4465
4484
4466
4485
4467
4486
4468
4487
4469
4488
4489
4471
4490
5029
4472
4491
4473
4492
4474
4493
4475
4494
4476
4495
4477
4496
4478
4497
4479
4498
4480
4499
4481
4500
4482
4501
4483
4502
4484
4503
4485
4504
4486
4505
4487
4506
4488
4507
4489
4508
4509
4491
4510
5044
4492
4511
4493
4512
4494
4513
4495
4514
4496
4515
4497
4516
4498
4517
4499
4518
4500
4519
4501
4520
4502
4521
4503
4522
4504
4523
4505
4524
4506
4525
4507
4526
4508
4527
4509
4528
4529
4511
4530
5059
4512
4531
4513
4532
4514
4533
4515
4534
4516
4535
4517
4536
4518
4537
4519
4538
4520
4539
4521
4540
4522
4541
4523
4542
4524
4543
4525
4544
4526
4545
4527
4546
4528
4547
4529
4548
4549
4531
4550
5074
4532
4551
4533
4552
4534
4553
4535
4554
4536
4555
4537
4556
4538
4557
4539
4558
4540
4559
4541
4560
4542
4561
4543
4562
4544
4563
4545
4564
4546
4565
4547
4566
4548
4567
4549
4568
4569
4551
4570
5089
4552
4571
4553
4572
4554
4573
4555
4574
4556
4575
4557
4576
4558
4577
4559
4578
4560
4579
4561
4580
4562
4581
4563
4582
4564
4583
4565
4584
4566
4585
4567
4586
4568
4587
4569
4588
4589
4571
4590
5104
4572
4591
4573
4592
4574
4593
4575
4594
4576
4595
4577
4596
4578
4597
4579
4598
4580
4599
4581
4600
4582
4601
4583
4602
4584
4603
4585
4604
4586
4605
4587
4606
4588
4607
4589
4608
4609
4591
4610
5119
4592
4611
4593
4612
4594
4613
4595
4614
4596
4615
4597
4616
4598
4617
4599
4618
4600
4619
4601
4620
4602
4621
4603
4622
4604
4623
4605
4624
4606
4625
4607
4626
4608
4627
4609
4628
4629
4611
4630
5134
4612
4631
4613
4632
4614
4633
4615
4634
4616
4635
4617
4636
4618
4637
4619
4638
4620
4639
4621
4640
4622
4641
4623
4642
4624
4643
4625
4644
4626
4645
4627
4646
4628
4647
4629
4648
4649
4631
4650
5149
4632
4651
4633
4652
4634
4653
4635
4654
4636
4655
4637
4656
4638
4657
4639
4658
4640
4659
4641
4660
4642
4661
4643
4662
4644
4663
4645
4664
4646
4665
4647
4666
4648
4667
4649
4668
4669
4651
4670
5164
4652
4671
4653
4672
4654
4673
4655
4674
4656
4675
4657
4676
4658
4677
4659
4678
4660
4679
4661
4680
4662
4681
4663
4682
4664
4683
4665
4684
4666
4685
4667
4686
4668
4687
4669
4688
4689
4671
4690
5179
4672
4691
4673
4692
4674
4693
4675
4694
4676
4695
4677
4696
4678
4697
4679
4698
4680
4699
4681
4700
4682
4701
4683
4702
4684
4703
4685
4704
4686
4705
4687
4706
4688
4707
4689
4708
4709
4691
4710
5194
4692
4711
4693
4712
4694
4713
4695
4714
4696
4715
4697
4716
4698
4717
4699
4718
4700
4719
4701
4720
4702
4721
4703
4722
4704
4723
4705
4724
4706
4725
4707
4726
4708
4727
4709
4728
4729
4711
4730
5209
4712
4731
4713
4732
4714
4733
4715
4734
4716
4735
4717
4736
4718
4737
4719
4738
4720
4739
4721
4740
4722
4741
4723
4742
4724
4743
4725
4744
4726
4745
4727
4746
4728
4747
4729
4748
4749
4731
4750
5224
4732
4751
4733
4752
4734
4753
4735
4754
4736
4755
4737
4756
4738
4757
4739
4758
4740
4759
4741
4760
4742
4761
4743
4762
4744
4763
4745
4764
4746
4765
4747
4766
4748
4767
4749
4768
4769
4751
4770
5239
4752
4771
4753
4772
4754
4773
4755
4774
4756
4775
4757
4776
4758
4777
4759
4778
4760
4779
4761
4780
4762
4781
4763
4782
4764
4783
4765
4784
4766
4785
4767
4786
4768
4787
4769
4788
4789
4771
4790
5254
4772
4791
4773
4792
4774
4793
4775
4794
4776
4795
4777
4796
4778
4797
4779
4798
4780
4799
4781
4800
4782
4801
4783
4802
4784
4803
4785
4804
4786
4805
4787
4806
4788
4807
4789
4808
4809
4791
4810
5269
4792
4811
4793
4812
4794
4813
4795
4814
4796
4815
4797
4816
4798
4817
4799
4818
4800
4819
4801
4820
4802
4821
4803
4822
4804
4823
4805
4824
4806
4825
4807
4826
4808
4827
4809
4828
4829
4811
4830
5284
4812
4831
4813
4832
4814
4833
4815
4834
4816
4835
4817
4836
4818
4837
4819
4838
4820
4839
4821
4840
4822
4841
4823
4842
4824
4843
4825
4844
4826
4845
4827
4846
4828
4847
4829
4848
4849
4831
5299
4832
4833
4834
4835
4836
4837
4838
4839
4840
4841
4842
4843
4844
4845
4846
4847
4848
4849
4851
4865
5585
4852
4866
5586
4853
4867
5587
4854
4868
5588
4855
4869
5589
4856
4870
5590
4857
4871
5591
4858
4872
5592
4859
4873
5593
4860
4874
5594
4861
4875
5595
4862
4876
5596
4863
4877
5597
4864
4878
5598
4879
5599
4866
4880
4867
4881
4868
4882
4869
4883
4870
4884
4871
4885
4872
4886
4873
4887
4874
4888
4875
4889
4876
4890
4877
4891
4878
4892
4879
4893
4894
4881
4895
4882
4896
4883
4897
4884
4898
4885
4899
4886
4900
4887
4901
4888
4902
4889
4903
4890
4904
4891
4905
4892
4906
4893
4907
4894
4908
4909
4896
4910
4897
4911
4898
4912
4899
4913
4900
4914
4901
4915
4902
4916
4903
4917
4904
4918
4905
4919
4906
4920
4907
4921
4908
4922
4909
4923
4924
4911
4925
4912
4926
4913
4927
4914
4928
4915
4929
4916
4930
4917
4931
4918
4932
4919
4933
4920
4934
4921
4935
4922
4936
4923
4937
4924
4938
4939
4926
4940
4927
4941
4928
4942
4929
4943
4930
4944
4931
4945
4932
4946
4933
4947
4934
4948
4935
4949
4936
4950
4937
4951
4938
4952
4939
4953
4954
4941
4955
4942
4956
4943
4957
4944
4958
4945
4959
4946
4960
4947
4961
4948
4962
4949
4963
4950
4964
4951
4965
4952
4966
4953
4967
4954
4968
4969
4956
4970
4957
4971
4958
4972
4959
4973
4960
4974
4961
4975
4962
4976
4963
4977
4964
4978
4965
4979
4966
4980
4967
4981
4968
4982
4969
4983
4984
4971
4985
4972
4986
4973
4987
4974
4988
4975
4989
4976
4990
4977
4991
4978
4992
4979
4993
4980
4994
4981
4995
4982
4996
4983
4997
4984
4998
4999
4986
5000
4987
5001
4988
5002
4989
5003
4990
5004
4991
5005
4992
5006
4993
5007
4994
5008
4995
5009
4996
5010
4997
5011
4998
5012
4999
5013
5014
5001
5015
5002
5016
5003
5017
5004
5018
5005
5019
5006
5020
5007
5021
5008
5022
5009
5023
5010
5024
5011
5025
5012
5026
5013
5027
5014
5028
5029
5016
5030
5017
5031
5018
5032
5019
5033
5020
5034
5021
5035
5022
5036
5023
5037
5024
5038
5025
5039
5026
5040
5027
5041
5028
5042
5029
5043
5044
5031
5045
5032
5046
5033
5047
5034
5048
5035
5049
5036
5050
5037
5051
5038
5052
5039
5053
5040
5054
5041
5055
5042
5056
5043
5057
5044
5058
5059
5046
5060
5047
5061
5048
5062
5049
5063
5050
5064
5051
5065
5052
5066
5053
5067
5054
5068
5055
5069
5056
5070
5057
5071
5058
5072
5059
5073
5074
5061
5075
5062
5076
5063
5077
5064
5078
5065
5079
5066
5080
5067
5081
5068
5082
5069
5083
5070
5084
5071
5085
5072
5086
5073
5087
5074
5088
5089
5076
5090
5077
5091
5078
5092
5079
5093
5080
5094
5081
5095
5082
5096
5083
5097
5084
5098
5085
5099
5086
5100
5087
5101
5088
5102
5089
5103
5104
5091
5105
5092
5106
5093
5107
5094
5108
5095
5109
5096
5110
5097
5111
5098
5112
5099
5113
5100
5114
5101
5115
5102
5116
5103
5117
5104
5118
5119
5106
5120
5107
5121
5108
5122
5109
5123
5110
5124
5111
5125
5112
5126
5113
5127
5114
5128
5115
5129
5116
5130
5117
5131
5118
5132
5119
5133
5134
5121
5135
5122
5136
5123
5137
5124
5138
5125
5139
5126
5140
5127
5141
5128
5142
5129
5143
5130
5144
5131
5145
5132
5146
5133
5147
5134
5148
5149
5136
5150
5137
5151
5138
5152
5139
5153
5140
5154
5141
5155
5142
5156
5143
5157
5144
5158
5145
5159
5146
5160
5147
5161
5148
5162
5149
5163
5164
5151
5165
5152
5166
5153
5167
5154
5168
5155
5169
5156
5170
5157
5171
5158
5172
5159
5173
5160
5174
5161
5175
5162
5176
5163
5177
5164
5178
5179
5166
5180
5167
5181
5168
5182
5169
5183
5170
5184
5171
5185
5172
5186
5173
5187
5174
5188
5175
5189
5176
5190
5177
5191
5178
5192
5179
5193
5194
5181
5195
5182
5196
5183
5197
5184
5198
5185
5199
5186
5200
5187
5201
5188
5202
5189
5203
5190
5204
5191
5205
5192
5206
5193
5207
5194
5208
5209
5196
5210
5197
5211
5198
5212
5199
5213
5200
5214
5201
5215
5202
5216
5203
5217
5204
5218
5205
5219
5206
5220
5207
5221
5208
5222
5209
5223
5224
5211
5225
5212
5226
5213
5227
5214
5228
5215
5229
5216
5230
5217
5231
5218
5232
5219
5233
5220
5234
5221
5235
5222
5236
5223
5237
5224
5238
5239
5226
5240
5227
5241
5228
5242
5229
5243
5230
5244
5231
5245
5232
5246
5233
5247
5234
5248
5235
5249
5236
5250
5237
5251
5238
5252
5239
5253
5254
5241
5255
5242
5256
5243
5257
5244
5258
5245
5259
5246
5260
5247
5261
5248
5262
5249
5263
5250
5264
5251
5265
5252
5266
5253
5267
5254
5268
5269
5256
5270
5257
5271
5258
5272
5259
5273
5260
5274
5261
5275
5262
5276
5263
5277
5264
5278
5265
5279
5266
5280
5267
5281
5268
5282
5269
5283
5284
5271
5285
5272
5286
5273
5287
5274
5288
5275
5289
5276
5290
5277
5291
5278
5292
5279
5293
5280
5294
5281
5295
5282
5296
5283
5297
5284
5298
5299
5286
5287
5288
5289
5290
5291
5292
5293
5294
5295
5296
5297
5298
5299
5301
5315
5885
5302
5316
5886
5303
5317
5887
5304
5318
5888
5305
5319
5889
5306
5320
5890
5307
5321
5891
5308
5322
5892
5309
5323
5893
5310
5324
5894
5311
5325
5895
5312
5326
5896
5313
5327
5897
5314
5328
5898
5329
5899
5316
5330
5317
5331
5318
5332
5319
5333
5320
5334
5321
5335
5322
5336
5323
5337
5324
5338
5325
5339
5326
5340
5327
5341
5328
5342
5329
5343
5344
5331
5345
5332
5346
5333
5347
5334
5348
5335
5349
5336
5350
5337
5351
5338
5352
5339
5353
5340
5354
5341
5355
5342
5356
5343
5357
5344
5358
5359
5346
5360
5347
5361
5348
5362
5349
5363
5350
5364
5351
5365
5352
5366
5353
5367
5354
5368
5355
5369
5356
5370
5357
5371
5358
5372
5359
5373
5374
5361
5375
5362
5376
5363
5377
5364
5378
5365
5379
5366
5380
5367
5381
5368
5382
5369
5383
5370
5384
5371
5385
5372
5386
5373
5387
5374
5388
5389
5376
5390
5377
5391
5378
5392
5379
5393
5380
5394
5381
5395
5382
5396
5383
5397
5384
5398
5385
5399
5386
5400
5387
5401
5388
5402
5389
5403
5404
5391
5405
5392
5406
5393
5407
5394
5408
5395
5409
5396
5410
5397
5411
5398
5412
5399
5413
5400
5414
5401
5415
5402
5416
5403
5417
5404
5418
5419
5406
5420
5407
5421
5408
5422
5409
5423
5410
5424
5411
5425
5412
5426
5413
5427
5414
5428
5415
5429
5416
5430
5417
5431
5418
5432
5419
5433
5434
5421
5435
5422
5436
5423
5437
5424
5438
5425
5439
5426
5440
5427
5441
5428
5442
5429
5443
5430
5444
5431
5445
5432
5446
5433
5447
5434
5448
5449
5436
5450
5437
5451
5438
5452
5439
5453
5440
5454
5441
5455
5442
5456
5443
5457
5444
5458
5445
5459
5446
5460
5447
5461
5448
5462
5449
5463
5464
5451
5465
5452
5466
5453
5467
5454
5468
5455
5469
5456
5470
5457
5471
5458
5472
5459
5473
5460
5474
5461
5475
5462
5476
5463
5477
5464
5478
5479
5466
5480
5467
5481
5468
5482
5469
5483
5470
5484
5471
5485
5472
5486
5473
5487
5474
5488
5475
5489
5476
5490
5477
5491
5478
5492
5479
5493
5494
5481
5495
5482
5496
5483
5497
5484
5498
5485
5499
5486
5500
5487
5501
5488
5502
5489
5503
5490
5504
5491
5505
5492
5506
5493
5507
5494
5508
5509
5496
5510
5497
5511
5498
5512
5499
5513
5500
5514
5501
5515
5502
5516
5503
5517
5504
5518
5505
5519
5506
5520
5507
5521
5508
5522
5509
5523
5524
5511
5525
5512
5526
5513
5527
5514
5528
5515
5529
5516
5530
5517
5531
5518
5532
5519
5533
5520
5534
5521
5535
5522
5536
5523
5537
5524
5538
5539
5526
5540
5527
5541
5528
5542
5529
5543
5530
5544
5531
5545
5532
5546
5533
5547
5534
5548
5535
5549
5536
5550
5537
5551
5538
5552
5539
5553
5554
5541
5555
5542
5556
5543
5557
5544
5558
5545
5559
5546
5560
5547
5561
5548
5562
5549
5563
5550
5564
5551
5565
5552
5566
5553
5567
5554
5568
5569
5556
5570
5557
5571
5558
5572
5559
5573
5560
5574
5561
5575
5562
5576
5563
5577
5564
5578
5565
5579
5566
5580
5567
5581
5568
5582
5569
5583
5584
5571
5585
5572
5586
5573
5587
5574
5588
5575
5589
5576
5590
5577
5591
5578
5592
5579
5593
5580
5594
5581
5595
5582
5596
5583
5597
5584
5598
5599
5586
5587
5588
5589
5590
5591
5592
5593
5594
5595
5596
5597
5598
5599
5601
5615
6335
5602
5616
6336
5603
5617
6337
5604
5618
6338
5605
5619
6339
5606
5620
6340
5607
5621
6341
5608
5622
6342
5609
5623
6343
5610
5624
6344
5611
5625
6345
5612
5626
6346
5613
5627
6347
5614
5628
6348
5629
6349
5616
5630
5617
5631
5618
5632
5619
5633
5620
5634
5621
5635
5622
5636
5623
5637
5624
5638
5625
5639
5626
5640
5627
5641
5628
5642
5629
5643
5644
5631
5645
5632
5646
5633
5647
5634
5648
5635
5649
5636
5650
5637
5651
5638
5652
5639
5653
5640
5654
5641
5655
5642
5656
5643
5657
5644
5658
5659
5646
5660
5647
5661
5648
5662
5649
5663
5650
5664
5651
5665
5652
5666
5653
5667
5654
5668
5655
5669
5656
5670
5657
5671
5658
5672
5659
5673
5674
5661
5675
5662
5676
5663
5677
5664
5678
5665
5679
5666
5680
5667
5681
5668
5682
5669
5683
5670
5684
5671
5685
5672
5686
5673
5687
5674
5688
5689
5676
5690
5677
5691
5678
5692
5679
5693
5680
5694
5681
5695
5682
5696
5683
5697
5684
5698
5685
5699
5686
5700
5687
5701
5688
5702
5689
5703
5704
5691
5705
5692
5706
5693
5707
5694
5708
5695
5709
5696
5710
5697
5711
5698
5712
5699
5713
5700
5714
5701
5715
5702
5716
5703
5717
5704
5718
5719
5706
5720
5707
5721
5708
5722
5709
5723
5710
5724
5711
5725
5712
5726
5713
5727
5714
5728
5715
5729
5716
5730
5717
5731
5718
5732
5719
5733
5734
5721
5735
5722
5736
5723
5737
5724
5738
5725
5739
5726
5740
5727
5741
5728
5742
5729
5743
5730
5744
5731
5745
5732
5746
5733
5747
5734
5748
5749
5736
5750
5737
5751
5738
5752
5739
5753
5740
5754
5741
5755
5742
5756
5743
5757
5744
5758
5745
5759
5746
5760
5747
5761
5748
5762
5749
5763
5764
5751
5765
5752
5766
5753
5767
5754
5768
5755
5769
5756
5770
5757
5771
5758
5772
5759
5773
5760
5774
5761
5775
5762
5776
5763
5777
5764
5778
5779
5766
5780
5767
5781
5768
5782
5769
5783
5770
5784
5771
5785
5772
5786
5773
5787
5774
5788
5775
5789
5776
5790
5777
5791
5778
5792
5779
5793
5794
5781
5795
5782
5796
5783
5797
5784
5798
5785
5799
5786
5800
5787
5801
5788
5802
5789
5803
5790
5804
5791
5805
5792
5806
5793
5807
5794
5808
5809
5796
5810
5797
5811
5798
5812
5799
5813
5800
5814
5801
5815
5802
5816
5803
5817
5804
5818
5805
5819
5806
5820
5807
5821
5808
5822
5809
5823
5824
5811
5825
5812
5826
5813
5827
5814
5828
5815
5829
5816
5830
5817
5831
5818
5832
5819
5833
5820
5834
5821
5835
5822
5836
5823
5837
5824
5838
5839
5826
5840
5827
5841
5828
5842
5829
5843
5830
5844
5831
5845
5832
5846
5833
5847
5834
5848
5835
5849
5836
5850
5837
5851
5838
5852
5839
5853
5854
5841
5855
5842
5856
5843
5857
5844
5858
5845
5859
5846
5860
5847
5861
5848
5862
5849
5863
5850
5864
5851
5865
5852
5866
5853
5867
5854
5868
5869
5856
5870
5857
5871
5858
5872
5859
5873
5860
5874
5861
5875
5862
5876
5863
5877
5864
5878
5865
5879
5866
5880
5867
5881
5868
5882
5869
5883
5884
5871
5885
5872
5886
5873
5887
5874
5888
5875
5889
5876
5890
5877
5891
5878
5892
5879
5893
5880
5894
5881
5895
5882
5896
5883
5897
5884
5898
5899
5886
5887
5888
5889
5890
5891
5892
5893
5894
5895
5896
5897
5898
5899
5901
5915
5902
5916
5903
5917
5904
5918
5905
5919
5906
5920
5907
5921
5908
5922
5909
5923
5910
5924
5911
5925
5912
5926
5913
5927
5914
5928
5929
6350
5916
5930
5917
5931
5918
5932
5919
5933
5920
5934
5921
5935
5922
5936
5923
5937
5924
5938
5925
5939
5926
5940
5927
5941
5928
5942
5929
5943
5944
6370
5931
5945
5932
5946
5933
5947
5934
5948
5935
5949
5936
5950
5937
5951
5938
5952
5939
5953
5940
5954
5941
5955
5942
5956
5943
5957
5944
5958
5959
6390
5946
5960
5947
5961
5948
5962
5949
5963
5950
5964
5951
5965
5952
5966
5953
5967
5954
5968
5955
5969
5956
5970
5957
5971
5958
5972
5959
5973
5974
6410
5961
5975
5962
5976
5963
5977
5964
5978
5965
5979
5966
5980
5967
5981
5968
5982
5969
5983
5970
5984
5971
5985
5972
5986
5973
5987
5974
5988
5989
6430
5976
5990
5977
5991
5978
5992
5979
5993
5980
5994
5981
5995
5982
5996
5983
5997
5984
5998
5985
5999
5986
6000
5987
6001
5988
6002
5989
6003
6004
6450
5991
6005
5992
6006
5993
6007
5994
6008
5995
6009
5996
6010
5997
6011
5998
6012
5999
6013
6000
6014
6001
6015
6002
6016
6003
6017
6004
6018
6019
6470
6006
6020
6007
6021
6008
6022
6009
6023
6010
6024
6011
6025
6012
6026
6013
6027
6014
6028
6015
6029
6016
6030
6017
6031
6018
6032
6019
6033
6034
6490
6021
6035
6022
6036
6023
6037
6024
6038
6025
6039
6026
6040
6027
6041
6028
6042
6029
6043
6030
6044
6031
6045
6032
6046
6033
6047
6034
6048
6049
6510
6036
6050
6037
6051
6038
6052
6039
6053
6040
6054
6041
6055
6042
6056
6043
6057
6044
6058
6045
6059
6046
6060
6047
6061
6048
6062
6049
6063
6064
6530
6051
6065
6052
6066
6053
6067
6054
6068
6055
6069
6056
6070
6057
6071
6058
6072
6059
6073
6060
6074
6061
6075
6062
6076
6063
6077
6064
6078
6079
6550
6066
6080
6067
6081
6068
6082
6069
6083
6070
6084
6071
6085
6072
6086
6073
6087
6074
6088
6075
6089
6076
6090
6077
6091
6078
6092
6079
6093
6094
6570
6081
6095
6082
6096
6083
6097
6084
6098
6085
6099
6086
6100
6087
6101
6088
6102
6089
6103
6090
6104
6091
6105
6092
6106
6093
6107
6094
6108
6109
6590
6096
6110
6097
6111
6098
6112
6099
6113
6100
6114
6101
6115
6102
6116
6103
6117
6104
6118
6105
6119
6106
6120
6107
6121
6108
6122
6109
6123
6124
6610
6111
6125
6112
6126
6113
6127
6114
6128
6115
6129
6116
6130
6117
6131
6118
6132
6119
6133
6120
6134
6121
6135
6122
6136
6123
6137
6124
6138
6139
6630
6126
6140
6127
6141
6128
6142
6129
6143
6130
6144
6131
6145
6132
6146
6133
6147
6134
6148
6135
6149
6136
6150
6137
6151
6138
6152
6139
6153
6154
6650
6141
6155
6142
6156
6143
6157
6144
6158
6145
6159
6146
6160
6147
6161
6148
6162
6149
6163
6150
6164
6151
6165
6152
6166
6153
6167
6154
6168
6169
6670
6156
6170
6157
6171
6158
6172
6159
6173
6160
6174
6161
6175
6162
6176
6163
6177
6164
6178
6165
6179
6166
6180
6167
6181
6168
6182
6169
6183
6184
6690
6171
6185
6172
6186
6173
6187
6174
6188
6175
6189
6176
6190
6177
6191
6178
6192
6179
6193
6180
6194
6181
6195
6182
6196
6183
6197
6184
6198
6199
6710
6186
6200
6187
6201
6188
6202
6189
6203
6190
6204
6191
6205
6192
6206
6193
6207
6194
6208
6195
6209
6196
6210
6197
6211
6198
6212
6199
6213
6214
6730
6201
6215
6202
6216
6203
6217
6204
6218
6205
6219
6206
6220
6207
6221
6208
6222
6209
6223
6210
6224
6211
6225
6212
6226
6213
6227
6214
6228
6229
6750
6216
6230
6217
6231
6218
6232
6219
6233
6220
6234
6221
6235
6222
6236
6223
6237
6224
6238
6225
6239
6226
6240
6227
6241
6228
6242
6229
6243
6244
6770
6231
6245
6232
6246
6233
6247
6234
6248
6235
6249
6236
6250
6237
6251
6238
6252
6239
6253
6240
6254
6241
6255
6242
6256
6243
6257
6244
6258
6259
6790
6246
6260
6247
6261
6248
6262
6249
6263
6250
6264
6251
6265
6252
6266
6253
6267
6254
6268
6255
6269
6256
6270
6257
6271
6258
6272
6259
6273
6274
6810
6261
6275
6262
6276
6263
6277
6264
6278
6265
6279
6266
6280
6267
6281
6268
6282
6269
6283
6270
6284
6271
6285
6272
6286
6273
6287
6274
6288
6289
6830
6276
6290
6277
6291
6278
6292
6279
6293
6280
6294
6281
6295
6282
6296
6283
6297
6284
6298
6285
6299
6286
6300
6287
6301
6288
6302
6289
6303
6304
6850
6291
6305
6292
6306
6293
6307
6294
6308
6295
6309
6296
6310
6297
6311
6298
6312
6299
6313
6300
6314
6301
6315
6302
6316
6303
6317
6304
6318
6319
6870
6306
6320
6307
6321
6308
6322
6309
6323
6310
6324
6311
6325
6312
6326
6313
6327
6314
6328
6315
6329
6316
6330
6317
6331
6318
6332
6319
6333
6334
6890
6321
6335
6322
6336
6323
6337
6324
6338
6325
6339
6326
6340
6327
6341
6328
6342
6329
6343
6330
6344
6331
6345
6332
6346
6333
6347
6334
6348
6349
6910
6336
6337
6338
6339
6340
6341
6342
6343
6344
6345
6346
6347
6348
6349
6930
6351
6370
6352
6371
6353
6372
6354
6373
6355
6374
6356
6375
6357
6376
6358
6377
6359
6378
6360
6379
6361
6380
6362
6381
6363
6382
6364
6383
6365
6384
6366
6385
6367
6386
6368
6387
6369
6388
6389
6950
6371
6390
6372
6391
6373
6392
6374
6393
6375
6394
6376
6395
6377
6396
6378
6397
6379
6398
6380
6399
6381
6400
6382
6401
6383
6402
6384
6403
6385
6404
6386
6405
6387
6406
6388
6407
6389
6408
6409
6970
6391
6410
6392
6411
6393
6412
6394
6413
6395
6414
6396
6415
6397
6416
6398
6417
6399
6418
6400
6419
6401
6420
6402
6421
6403
6422
6404
6423
6405
6424
6406
6425
6407
6426
6408
6427
6409
6428
6429
6990
6411
6430
6412
6431
6413
6432
6414
6433
6415
6434
6416
6435
6417
6436
6418
6437
6419
6438
6420
6439
6421
6440
6422
6441
6423
6442
6424
6443
6425
6444
6426
6445
6427
6446
6428
6447
6429
6448
6449
7010
6431
6450
6432
6451
6433
6452
6434
6453
6435
6454
6436
6455
6437
6456
6438
6457
6439
6458
6440
6459
6441
6460
6442
6461
6443
6462
6444
6463
6445
6464
6446
6465
6447
6466
6448
6467
6449
6468
6469
7030
6451
6470
6452
6471
6453
6472
6454
6473
6455
6474
6456
6475
6457
6476
6458
6477
6459
6478
6460
6479
6461
6480
6462
6481
6463
6482
6464
6483
6465
6484
6466
6485
6467
6486
6468
6487
6469
6488
6489
7050
6471
6490
6472
6491
6473
6492
6474
6493
6475
6494
6476
6495
6477
6496
6478
6497
6479
6498
6480
6499
6481
6500
6482
6501
6483
6502
6484
6503
6485
6504
6486
6505
6487
6506
6488
6507
6489
6508
6509
7070
6491
6510
6492
6511
6493
6512
6494
6513
6495
6514
6496
6515
6497
6516
6498
6517
6499
6518
6500
6519
6501
6520
6502
6521
6503
6522
6504
6523
6505
6524
6506
6525
6507
6526
6508
6527
6509
6528
6529
7090
6511
6530
6512
6531
6513
6532
6514
6533
6515
6534
6516
6535
6517
6536
6518
6537
6519
6538
6520
6539
6521
6540
6522
6541
6523
6542
6524
6543
6525
6544
6526
6545
6527
6546
6528
6547
6529
6548
6549
7110
6531
6550
6532
6551
6533
6552
6534
6553
6535
6554
6536
6555
6537
6556
6538
6557
6539
6558
6540
6559
6541
6560
6542
6561
6543
6562
6544
6563
6545
6564
6546
6565
6547
6566
6548
6567
6549
6568
6569
7130
6551
6570
6552
6571
6553
6572
6554
6573
6555
6574
6556
6575
6557
6576
6558
6577
6559
6578
6560
6579
6561
6580
6562
6581
6563
6582
6564
6583
6565
6584
6566
6585
6567
6586
6568
6587
6569
6588
6589
7150
6571
6590
6572
6591
6573
6592
6574
6593
6575
6594
6576
6595
6577
6596
6578
6597
6579
6598
6580
6599
6581
6600
6582
6601
6583
6602
6584
6603
6585
6604
6586
6605
6587
6606
6588
6607
6589
6608
6609
7170
6591
6610
6592
6611
6593
6612
6594
6613
6595
6614
6596
6615
6597
6616
6598
6617
6599
6618
6600
6619
6601
6620
6602
6621
6603
6622
6604
6623
6605
6624
6606
6625
6607
6626
6608
6627
6609
6628
6629
7190
6611
6630
6612
6631
6613
6632
6614
6633
6615
6634
6616
6635
6617
6636
6618
6637
6619
6638
6620
6639
6621
6640
6622
6641
6623
6642
6624
6643
6625
6644
6626
6645
6627
6646
6628
6647
6629
6648
6649
7210
6631
6650
6632
6651
6633
6652
6634
6653
6635
6654
6636
6655
6637
6656
6638
6657
6639
6658
6640
6659
6641
6660
6642
6661
6643
6662
6644
6663
6645
6664
6646
6665
6647
6666
6648
6667
6649
6668
6669
7230
6651
6670
6652
6671
6653
6672
6654
6673
6655
6674
6656
6675
6657
6676
6658
6677
6659
6678
6660
6679
6661
6680
6662
6681
6663
6682
6664
6683
6665
6684
6666
6685
6667
6686
6668
6687
6669
6688
6689
7250
6671
6690
6672
6691
6673
6692
6674
6693
6675
6694
6676
6695
6677
6696
6678
6697
6679
6698
6680
6699
6681
6700
6682
6701
6683
6702
6684
6703
6685
6704
6686
6705
6687
6706
6688
6707
6689
6708
6709
7270
6691
6710
6692
6711
6693
6712
6694
6713
6695
6714
6696
6715
6697
6716
6698
6717
6699
6718
6700
6719
6701
6720
6702
6721
6703
6722
6704
6723
6705
6724
6706
6725
6707
6726
6708
6727
6709
6728
6729
7290
6711
6730
6712
6731
6713
6732
6714
6733
6715
6734
6716
6735
6717
6736
6718
6737
6719
6738
6720
6739
6721
6740
6722
6741
6723
6742
6724
6743
6725
6744
6726
6745
6727
6746
6728
6747
6729
6748
6749
7310
6731
6750
6732
6751
6733
6752
6734
6753
6735
6754
6736
6755
6737
6756
6738
6757
6739
6758
6740
6759
6741
6760
6742
6761
6743
6762
6744
6763
6745
6764
6746
6765
6747
6766
6748
6767
6749
6768
6769
7330
6751
6770
6752
6771
6753
6772
6754
6773
6755
6774
6756
6775
6757
6776
6758
6777
6759
6778
6760
6779
6761
6780
6762
6781
6763
6782
6764
6783
6765
6784
6766
6785
6767
6786
6768
6787
6769
6788
6789
7350
6771
6790
6772
6791
6773
6792
6774
6793
6775
6794
6776
6795
6777
6796
6778
6797
6779
6798
6780
6799
6781
6800
6782
6801
6783
6802
6784
6803
6785
6804
6786
6805
6787
6806
6788
6807
6789
6808
6809
7370
6791
6810
6792
6811
6793
6812
6794
6813
6795
6814
6796
6815
6797
6816
6798
6817
6799
6818
6800
6819
6801
6820
6802
6821
6803
6822
6804
6823
6805
6824
6806
6825
6807
6826
6808
6827
6809
6828
6829
7390
6811
6830
6812
6831
6813
6832
6814
6833
6815
6834
6816
6835
6817
6836
6818
6837
6819
6838
6820
6839
6821
6840
6822
6841
6823
6842
6824
6843
6825
6844
6826
6845
6827
6846
6828
6847
6829
6848
6849
7410
6831
6850
6832
6851
6833
6852
6834
6853
6835
6854
6836
6855
6837
6856
6838
6857
6839
6858
6840
6859
6841
6860
6842
6861
6843
6862
6844
6863
6845
6864
6846
6865
6847
6866
6848
6867
6849
6868
6869
7430
6851
6870
6852
6871
6853
6872
6854
6873
6855
6874
6856
6875
6857
6876
6858
6877
6859
6878
6860
6879
6861
6880
6862
6881
6863
6882
6864
6883
6865
6884
6866
6885
6867
6886
6868
6887
6869
6888
6889
7450
6871
6890
6872
6891
6873
6892
6874
6893
6875
6894
6876
6895
6877
6896
6878
6897
6879
6898
6880
6899
6881
6900
6882
6901
6883
6902
6884
6903
6885
6904
6886
6905
6887
6906
6888
6907
6889
6908
6909
7470
6891
6910
6892
6911
6893
6912
6894
6913
6895
6914
6896
6915
6897
6916
6898
6917
6899
6918
6900
6919
6901
6920
6902
6921
6903
6922
6904
6923
6905
6924
6906
6925
6907
6926
6908
6927
6909
6928
6929
7490
6911
6930
6912
6931
6913
6932
6914
6933
6915
6934
6916
6935
6917
6936
6918
6937
6919
6938
6920
6939
6921
6940
6922
6941
6923
6942
6924
6943
6925
6944
6926
6945
6927
6946
6928
6947
6929
6948
6949
7510
6931
6932
6933
6934
6935
6936
6937
6938
6939
6940
6941
6942
6943
6944
6945
6946
6947
6948
6949
7530
6951
6970
6952
6971
6953
6972
6954
6973
6955
6974
6956
6975
6957
6976
6958
6977
6959
6978
6960
6979
6961
6980
6962
6981
6963
6982
6964
6983
6965
6984
6966
6985
6967
6986
6968
6987
6969
6988
6989
7550
6971
6990
6972
6991
6973
6992
6974
6993
6975
6994
6976
6995
6977
6996
6978
6997
6979
6998
6980
6999
6981
7000
6982
7001
6983
7002
6984
7003
6985
7004
6986
7005
6987
7006
6988
7007
6989
7008
7009
7591
6991
7010
6992
7011
6993
7012
6994
7013
6995
7014
6996
7015
6997
7016
6998
7017
6999
7018
7000
7019
7001
7020
7002
7021
7003
7022
7004
7023
7005
7024
7006
7025
7007
7026
7008
7027
7009
7028
7029
7632
7011
7030
7012
7031
7013
7032
7014
7033
7015
7034
7016
7035
7017
7036
7018
7037
7019
7038
7020
7039
7021
7040
7022
7041
7023
7042
7024
7043
7025
7044
7026
7045
7027
7046
7028
7047
7029
7048
7049
7673
7031
7050
7032
7051
7033
7052
7034
7053
7035
7054
7036
7055
7037
7056
7038
7057
7039
7058
7040
7059
7041
7060
7042
7061
7043
7062
7044
7063
7045
7064
7046
7065
7047
7066
7048
7067
7049
7068
7069
7714
7051
7070
7052
7071
7053
7072
7054
7073
7055
7074
7056
7075
7057
7076
7058
7077
7059
7078
7060
7079
7061
7080
7062
7081
7063
7082
7064
7083
7065
7084
7066
7085
7067
7086
7068
7087
7069
7088
7089
7755
7071
7090
7072
7091
7073
7092
7074
7093
7075
7094
7076
7095
7077
7096
7078
7097
7079
7098
7080
7099
7081
7100
7082
7101
7083
7102
7084
7103
7085
7104
7086
7105
7087
7106
7088
7107
7089
7108
7109
7796
7091
7110
7092
7111
7093
7112
7094
7113
7095
7114
7096
7115
7097
7116
7098
7117
7099
7118
7100
7119
7101
7120
7102
7121
7103
7122
7104
7123
7105
7124
7106
7125
7107
7126
7108
7127
7109
7128
7129
7837
7111
7130
7112
7131
7113
7132
7114
7133
7115
7134
7116
7135
7117
7136
7118
7137
7119
7138
7120
7139
7121
7140
7122
7141
7123
7142
7124
7143
7125
7144
7126
7145
7127
7146
7128
7147
7129
7148
7149
7878
7131
7150
7132
7151
7133
7152
7134
7153
7135
7154
7136
7155
7137
7156
7138
7157
7139
7158
7140
7159
7141
7160
7142
7161
7143
7162
7144
7163
7145
7164
7146
7165
7147
7166
7148
7167
7149
7168
7169
7919
7151
7170
7152
7171
7153
7172
7154
7173
7155
7174
7156
7175
7157
7176
7158
7177
7159
7178
7160
7179
7161
7180
7162
7181
7163
7182
7164
7183
7165
7184
7166
7185
7167
7186
7168
7187
7169
7188
7189
7960
7171
7190
7172
7191
7173
7192
7174
7193
7175
7194
7176
7195
7177
7196
7178
7197
7179
7198
7180
7199
7181
7200
7182
7201
7183
7202
7184
7203
7185
7204
7186
7205
7187
7206
7188
7207
7189
7208
7209
8001
7191
7210
7192
7211
7193
7212
7194
7213
7195
7214
7196
7215
7197
7216
7198
7217
7199
7218
7200
7219
7201
7220
7202
7221
7203
7222
7204
7223
7205
7224
7206
7225
7207
7226
7208
7227
7209
7228
7229
8042
7211
7230
7212
7231
7213
7232
7214
7233
7215
7234
7216
7235
7217
7236
7218
7237
7219
7238
7220
7239
7221
7240
7222
7241
7223
7242
7224
7243
7225
7244
7226
7245
7227
7246
7228
7247
7229
7248
7249
8083
7231
7250
7232
7251
7233
7252
7234
7253
7235
7254
7236
7255
7237
7256
7238
7257
7239
7258
7240
7259
7241
7260
7242
7261
7243
7262
7244
7263
7245
7264
7246
7265
7247
7266
7248
7267
7249
7268
7269
8124
7251
7270
7252
7271
7253
7272
7254
7273
7255
7274
7256
7275
7257
7276
7258
7277
7259
7278
7260
7279
7261
7280
7262
7281
7263
7282
7264
7283
7265
7284
7266
7285
7267
7286
7268
7287
7269
7288
7289
8165
7271
7290
7272
7291
7273
7292
7274
7293
7275
7294
7276
7295
7277
7296
7278
7297
7279
7298
7280
7299
7281
7300
7282
7301
7283
7302
7284
7303
7285
7304
7286
7305
7287
7306
7288
7307
7289
7308
7309
8206
7291
7310
7292
7311
7293
7312
7294
7313
7295
7314
7296
7315
7297
7316
7298
7317
7299
7318
7300
7319
7301
7320
7302
7321
7303
7322
7304
7323
7305
7324
7306
7325
7307
7326
7308
7327
7309
7328
7329
8247
7311
7330
7312
7331
7313
7332
7314
7333
7315
7334
7316
7335
7317
7336
7318
7337
7319
7338
7320
7339
7321
7340
7322
7341
7323
7342
7324
7343
7325
7344
7326
7345
7327
7346
7328
7347
7329
7348
7349
8288
7331
7350
7332
7351
7333
7352
7334
7353
7335
7354
7336
7355
7337
7356
7338
7357
7339
7358
7340
7359
7341
7360
7342
7361
7343
7362
7344
7363
7345
7364
7346
7365
7347
7366
7348
7367
7349
7368
7369
8329
7351
7370
7352
7371
7353
7372
7354
7373
7355
7374
7356
7375
7357
7376
7358
7377
7359
7378
7360
7379
7361
7380
7362
7381
7363
7382
7364
7383
7365
7384
7366
7385
7367
7386
7368
7387
7369
7388
7389
8370
7371
7390
7372
7391
7373
7392
7374
7393
7375
7394
7376
7395
7377
7396
7378
7397
7379
7398
7380
7399
7381
7400
7382
7401
7383
7402
7384
7403
7385
7404
7386
7405
7387
7406
7388
7407
7389
7408
7409
8411
7391
7410
7392
7411
7393
7412
7394
7413
7395
7414
7396
7415
7397
7416
7398
7417
7399
7418
7400
7419
7401
7420
7402
7421
7403
7422
7404
7423
7405
7424
7406
7425
7407
7426
7408
7427
7409
7428
7429
8452
7411
7430
7412
7431
7413
7432
7414
7433
7415
7434
7416
7435
7417
7436
7418
7437
7419
7438
7420
7439
7421
7440
7422
7441
7423
7442
7424
7443
7425
7444
7426
7445
7427
7446
7428
7447
7429
7448
7449
8493
7431
7450
7432
7451
7433
7452
7434
7453
7435
7454
7436
7455
7437
7456
7438
7457
7439
7458
7440
7459
7441
7460
7442
7461
7443
7462
7444
7463
7445
7464
7446
7465
7447
7466
7448
7467
7449
7468
7469
8534
7451
7470
7452
7471
7453
7472
7454
7473
7455
7474
7456
7475
7457
7476
7458
7477
7459
7478
7460
7479
7461
7480
7462
7481
7463
7482
7464
7483
7465
7484
7466
7485
7467
7486
7468
7487
7469
7488
7489
8575
7471
7490
7472
7491
7473
7492
7474
7493
7475
7494
7476
7495
7477
7496
7478
7497
7479
7498
7480
7499
7481
7500
7482
7501
7483
7502
7484
7503
7485
7504
7486
7505
7487
7506
7488
7507
7489
7508
7509
8616
7491
7510
7492
7511
7493
7512
7494
7513
7495
7514
7496
7515
7497
7516
7498
7517
7499
7518
7500
7519
7501
7520
7502
7521
7503
7522
7504
7523
7505
7524
7506
7525
7507
7526
7508
7527
7509
7528
7529
8657
7511
7530
7512
7531
7513
7532
7514
7533
7515
7534
7516
7535
7517
7536
7518
7537
7519
7538
7520
7539
7521
7540
7522
7541
7523
7542
7524
7543
7525
7544
7526
7545
7527
7546
7528
7547
7529
7548
7549
8698
7531
7532
7533
7534
7535
7536
7537
7538
7539
7540
7541
7542
7543
7544
7545
7546
7547
7548
7549
8739
7551
7591
7552
7592
7553
7593
7554
7594
7555
7595
7556
7596
7557
7597
7558
7598
7559
7599
7560
7600
7561
7601
7562
7602
7563
7603
7564
7604
7565
7605
7566
7606
7567
7607
7568
7608
7569
7609
7570
7610
7571
7611
7572
7612
7573
7613
7574
7614
7575
7615
7576
7616
7577
7617
7578
7618
7579
7619
7580
7620
7581
7621
7582
7622
7583
7623
7584
7624
7585
7625
7586
7626
7587
7627
7588
7628
7589
7629
7590
7630
7631
7592
7632
7593
7633
7594
7634
7595
7635
7596
7636
7597
7637
7598
7638
7599
7639
7600
7640
7601
7641
7602
7642
7603
7643
7604
7644
7605
7645
7606
7646
7607
7647
7608
7648
7609
7649
7610
7650
7611
7651
7612
7652
7613
7653
7614
7654
7615
7655
7616
7656
7617
7657
7618
7658
7619
7659
7620
7660
7621
7661
7622
7662
7623
7663
7624
7664
7625
7665
7626
7666
7627
7667
7628
7668
7629
7669
7630
7670
7631
7671
7672
7633
7673
7634
7674
7635
7675
7636
7676
7637
7677
7638
7678
7639
7679
7640
7680
7641
7681
7642
7682
7643
7683
7644
7684
7645
7685
7646
7686
7647
7687
7648
7688
7649
7689
7650
7690
7651
7691
7652
7692
7653
7693
7654
7694
7655
7695
7656
7696
7657
7697
7658
7698
7659
7699
7660
7700
7661
7701
7662
7702
7663
7703
7664
7704
7665
7705
7666
7706
7667
7707
7668
7708
7669
7709
7670
7710
7671
7711
7672
7712
7713
7674
7714
7675
7715
7676
7716
7677
7717
7678
7718
7679
7719
7680
7720
7681
7721
7682
7722
7683
7723
7684
7724
7685
7725
7686
7726
7687
7727
7688
7728
7689
7729
7690
7730
7691
7731
7692
7732
7693
7733
7694
7734
7695
7735
7696
7736
7697
7737
7698
7738
7699
7739
7700
7740
7701
7741
7702
7742
7703
7743
7704
7744
7705
7745
7706
7746
7707
7747
7708
7748
7709
7749
7710
7750
7711
7751
7712
7752
7713
7753
7754
7715
7755
7716
7756
7717
7757
7718
7758
7719
7759
7720
7760
7721
7761
7722
7762
7723
7763
7724
7764
7725
7765
7726
7766
7727
7767
7728
7768
7729
7769
7730
7770
7731
7771
7732
7772
7733
7773
7734
7774
7735
7775
7736
7776
7737
7777
7738
7778
7739
7779
7740
7780
7741
7781
7742
7782
7743
7783
7744
7784
7745
7785
7746
7786
7747
7787
7748
7788
7749
7789
7750
7790
7751
7791
7752
7792
7753
7793
7754
7794
7795
7756
7796
7757
7797
7758
7798
7759
7799
7760
7800
7761
7801
7762
7802
7763
7803
7764
7804
7765
7805
7766
7806
7767
7807
7768
7808
7769
7809
7770
7810
7771
7811
7772
7812
7773
7813
7774
7814
7775
7815
7776
7816
7777
7817
7778
7818
7779
7819
7780
7820
7781
7821
7782
7822
7783
7823
7784
7824
7785
7825
7786
7826
7787
7827
7788
7828
7789
7829
7790
7830
7791
7831
7792
7832
7793
7833
7794
7834
7795
7835
7836
7797
7837
7798
7838
7799
7839
7800
7840
7801
7841
7802
7842
7803
7843
7804
7844
7805
7845
7806
7846
7807
7847
7808
7848
7809
7849
7810
7850
7811
7851
7812
7852
7813
7853
7814
7854
7815
7855
7816
7856
7817
7857
7818
7858
7819
7859
7820
7860
7821
7861
7822
7862
7823
7863
7824
7864
7825
7865
7826
7866
7827
7867
7828
7868
7829
7869
7830
7870
7831
7871
7832
7872
7833
7873
7834
7874
7835
7875
7836
7876
7877
7838
7878
7839
7879
7840
7880
7841
7881
7842
7882
7843
7883
7844
7884
7845
7885
7846
7886
7847
7887
7848
7888
7849
7889
7850
7890
7851
7891
7852
7892
7853
7893
7854
7894
7855
7895
7856
7896
7857
7897
7858
7898
7859
7899
7860
7900
7861
7901
7862
7902
7863
7903
7864
7904
7865
7905
7866
7906
7867
7907
7868
7908
7869
7909
7870
7910
7871
7911
7872
7912
7873
7913
7874
7914
7875
7915
7876
7916
7877
7917
7918
7879
7919
7880
7920
7881
7921
7882
7922
7883
7923
7884
7924
7885
7925
7886
7926
7887
7927
7888
7928
7889
7929
7890
7930
7891
7931
7892
7932
7893
7933
7894
7934
7895
7935
7896
7936
7897
7937
7898
7938
7899
7939
7900
7940
7901
7941
7902
7942
7903
7943
7904
7944
7905
7945
7906
7946
7907
7947
7908
7948
7909
7949
7910
7950
7911
7951
7912
7952
7913
7953
7914
7954
7915
7955
7916
7956
7917
7957
7918
7958
7959
7920
7960
7921
7961
7922
7962
7923
7963
7924
7964
7925
7965
7926
7966
7927
7967
7928
7968
7929
7969
7930
7970
7931
7971
7932
7972
7933
7973
7934
7974
7935
7975
7936
7976
7937
7977
7938
7978
7939
7979
7940
7980
7941
7981
7942
7982
7943
7983
7944
7984
7945
7985
7946
7986
7947
7987
7948
7988
7949
7989
7950
7990
7951
7991
7952
7992
7953
7993
7954
7994
7955
7995
7956
7996
7957
7997
7958
7998
7959
7999
8000
7961
8001
7962
8002
7963
8003
7964
8004
7965
8005
7966
8006
7967
8007
7968
8008
7969
8009
7970
8010
7971
8011
7972
8012
7973
8013
7974
8014
7975
8015
7976
8016
7977
8017
7978
8018
7979
8019
7980
8020
7981
8021
7982
8022
7983
8023
7984
8024
7985
8025
7986
8026
7987
8027
7988
8028
7989
8029
7990
8030
7991
8031
7992
8032
7993
8033
7994
8034
7995
8035
7996
8036
7997
8037
7998
8038
7999
8039
8000
8040
8041
8002
8042
8003
8043
8004
8044
8005
8045
8006
8046
8007
8047
8008
8048
8009
8049
8010
8050
8011
8051
8012
8052
8013
8053
8014
8054
8015
8055
8016
8056
8017
8057
8018
8058
8019
8059
8020
8060
8021
8061
8022
8062
8023
8063
8024
8064
8025
8065
8026
8066
8027
8067
8028
8068
8029
8069
8030
8070
8031
8071
8032
8072
8033
8073
8034
8074
8035
8075
8036
8076
8037
8077
8038
8078
8039
8079
8040
8080
8041
8081
8082
8043
8083
8044
8084
8045
8085
8046
8086
8047
8087
8048
8088
8049
8089
8050
8090
8051
8091
8052
8092
8053
8093
8054
8094
8055
8095
8056
8096
8057
8097
8058
8098
8059
8099
8060
8100
8061
8101
8062
8102
8063
8103
8064
8104
8065
8105
8066
8106
8067
8107
8068
8108
8069
8109
8070
8110
8071
8111
8072
8112
8073
8113
8074
8114
8075
8115
8076
8116
8077
8117
8078
8118
8079
8119
8080
8120
8081
8121
8082
8122
8123
8084
8124
8085
8125
8086
8126
8087
8127
8088
8128
8089
8129
8090
8130
8091
8131
8092
8132
8093
8133
8094
8134
8095
8135
8096
8136
8097
8137
8098
8138
8099
8139
8100
8140
8101
8141
8102
8142
8103
8143
8104
8144
8105
8145
8106
8146
8107
8147
8108
8148
8109
8149
8110
8150
8111
8151
8112
8152
8113
8153
8114
8154
8115
8155
8116
8156
8117
8157
8118
8158
8119
8159
8120
8160
8121
8161
8122
8162
8123
8163
8164
8125
8165
8126
8166
8127
8167
8128
8168
8129
8169
8130
8170
8131
8171
8132
8172
8133
8173
8134
8174
8135
8175
8136
8176
8137
8177
8138
8178
8139
8179
8140
8180
8141
8181
8142
8182
8143
8183
8144
8184
8145
8185
8146
8186
8147
8187
8148
8188
8149
8189
8150
8190
8151
8191
8152
8192
8153
8193
8154
8194
8155
8195
8156
8196
8157
8197
8158
8198
8159
8199
8160
8200
8161
8201
8162
8202
8163
8203
8164
8204
8205
8166
8206
8167
8207
8168
8208
8169
8209
8170
8210
8171
8211
8172
8212
8173
8213
8174
8214
8175
8215
8176
8216
8177
8217
8178
8218
8179
8219
8180
8220
8181
8221
8182
8222
8183
8223
8184
8224
8185
8225
8186
8226
8187
8227
8188
8228
8189
8229
8190
8230
8191
8231
8192
8232
8193
8233
8194
8234
8195
8235
8196
8236
8197
8237
8198
8238
8199
8239
8200
8240
8201
8241
8202
8242
8203
8243
8204
8244
8205
8245
8246
8207
8247
8208
8248
8209
8249
8210
8250
8211
8251
8212
8252
8213
8253
8214
8254
8215
8255
8216
8256
8217
8257
8218
8258
8219
8259
8220
8260
8221
8261
8222
8262
8223
8263
8224
8264
8225
8265
8226
8266
8227
8267
8228
8268
8229
8269
8230
8270
8231
8271
8232
8272
8233
8273
8234
8274
8235
8275
8236
8276
8237
8277
8238
8278
8239
8279
8240
8280
8241
8281
8242
8282
8243
8283
8244
8284
8245
8285
8246
8286
8287
8248
8288
8249
8289
8250
8290
8251
8291
8252
8292
8253
8293
8254
8294
8255
8295
8256
8296
8257
8297
8258
8298
8259
8299
8260
8300
8261
8301
8262
8302
8263
8303
8264
8304
8265
8305
8266
8306
8267
8307
8268
8308
8269
8309
8270
8310
8271
8311
8272
8312
8273
8313
8274
8314
8275
8315
8276
8316
8277
8317
8278
8318
8279
8319
8280
8320
8281
8321
8282
8322
8283
8323
8284
8324
8285
8325
8286
8326
8287
8327
8328
8289
8329
8290
8330
8291
8331
8292
8332
8293
8333
8294
8334
8295
8335
8296
8336
8297
8337
8298
8338
8299
8339
8300
8340
8301
8341
8302
8342
8303
8343
8304
8344
8305
8345
8306
8346
8307
8347
8308
8348
8309
8349
8310
8350
8311
8351
8312
8352
8313
8353
8314
8354
8315
8355
8316
8356
8317
8357
8318
8358
8319
8359
8320
8360
8321
8361
8322
8362
8323
8363
8324
8364
8325
8365
8326
8366
8327
8367
8328
8368
8369
8330
8370
8331
8371
8332
8372
8333
8373
8334
8374
8335
8375
8336
8376
8337
8377
8338
8378
8339
8379
8340
8380
8341
8381
8342
8382
8343
8383
8344
8384
8345
8385
8346
8386
8347
8387
8348
8388
8349
8389
8350
8390
8351
8391
8352
8392
8353
8393
8354
8394
8355
8395
8356
8396
8357
8397
8358
8398
8359
8399
8360
8400
8361
8401
8362
8402
8363
8403
8364
8404
8365
8405
8366
8406
8367
8407
8368
8408
8369
8409
8410
8371
8411
8372
8412
8373
8413
8374
8414
8375
8415
8376
8416
8377
8417
8378
8418
8379
8419
8380
8420
8381
8421
8382
8422
8383
8423
8384
8424
8385
8425
8386
8426
8387
8427
8388
8428
8389
8429
8390
8430
8391
8431
8392
8432
8393
8433
8394
8434
8395
8435
8396
8436
8397
8437
8398
8438
8399
8439
8400
8440
8401
8441
8402
8442
8403
8443
8404
8444
8405
8445
8406
8446
8407
8447
8408
8448
8409
8449
8410
8450
8451
8412
8452
8413
8453
8414
8454
8415
8455
8416
8456
8417
8457
8418
8458
8419
8459
8420
8460
8421
8461
8422
8462
8423
8463
8424
8464
8425
8465
8426
8466
8427
8467
8428
8468
8429
8469
8430
8470
8431
8471
8432
8472
8433
8473
8434
8474
8435
8475
8436
8476
8437
8477
8438
8478
8439
8479
8440
8480
8441
8481
8442
8482
8443
8483
8444
8484
8445
8485
8446
8486
8447
8487
8448
8488
8449
8489
8450
8490
8451
8491
8492
8453
8493
8454
8494
8455
8495
8456
8496
8457
8497
8458
8498
8459
8499
8460
8500
8461
8501
8462
8502
8463
8503
8464
8504
8465
8505
8466
8506
8467
8507
8468
8508
8469
8509
8470
8510
8471
8511
8472
8512
8473
8513
8474
8514
8475
8515
8476
8516
8477
8517
8478
8518
8479
8519
8480
8520
8481
8521
8482
8522
8483
8523
8484
8524
8485
8525
8486
8526
8487
8527
8488
8528
8489
8529
8490
8530
8491
8531
8492
8532
8533
8494
8534
8495
8535
8496
8536
8497
8537
8498
8538
8499
8539
8500
8540
8501
8541
8502
8542
8503
8543
8504
8544
8505
8545
8506
8546
8507
8547
8508
8548
8509
8549
8510
8550
8511
8551
8512
8552
8513
8553
8514
8554
8515
8555
8516
8556
8517
8557
8518
8558
8519
8559
8520
8560
8521
8561
8522
8562
8523
8563
8524
8564
8525
8565
8526
8566
8527
8567
8528
8568
8529
8569
8530
8570
8531
8571
8532
8572
8533
8573
8574
8535
8575
8536
8576
8537
8577
8538
8578
8539
8579
8540
8580
8541
8581
8542
8582
8543
8583
8544
8584
8545
8585
8546
8586
8547
8587
8548
8588
8549
8589
8550
8590
8551
8591
8552
8592
8553
8593
8554
8594
8555
8595
8556
8596
8557
8597
8558
8598
8559
8599
8560
8600
8561
8601
8562
8602
8563
8603
8564
8604
8565
8605
8566
8606
8567
8607
8568
8608
8569
8609
8570
8610
8571
8611
8572
8612
8573
8613
8574
8614
8615
8576
8616
8577
8617
8578
8618
8579
8619
8580
8620
8581
8621
8582
8622
8583
8623
8584
8624
8585
8625
8586
8626
8587
8627
8588
8628
8589
8629
8590
8630
8591
8631
8592
8632
8593
8633
8594
8634
8595
8635
8596
8636
8597
8637
8598
8638
8599
8639
8600
8640
8601
8641
8602
8642
8603
8643
8604
8644
8605
8645
8606
8646
8607
8647
8608
8648
8609
8649
8610
8650
8611
8651
8612
8652
8613
8653
8614
8654
8615
8655
8656
8617
8657
8618
8658
8619
8659
8620
8660
8621
8661
8622
8662
8623
8663
8624
8664
8625
8665
8626
8666
8627
8667
8628
8668
8629
8669
8630
8670
8631
8671
8632
8672
8633
8673
8634
8674
8635
8675
8636
8676
8637
8677
8638
8678
8639
8679
8640
8680
8641
8681
8642
8682
8643
8683
8644
8684
8645
8685
8646
8686
8647
8687
8648
8688
8649
8689
8650
8690
8651
8691
8652
8692
8653
8693
8654
8694
8655
8695
8656
8696
8697
8658
8698
8659
8699
8660
8700
8661
8701
8662
8702
8663
8703
8664
8704
8665
8705
8666
8706
8667
8707
8668
8708
8669
8709
8670
8710
8671
8711
8672
8712
8673
8713
8674
8714
8675
8715
8676
8716
8677
8717
8678
8718
8679
8719
8680
8720
8681
8721
8682
8722
8683
8723
8684
8724
8685
8725
8686
8726
8687
8727
8688
8728
8689
8729
8690
8730
8691
8731
8692
8732
8693
8733
8694
8734
8695
8735
8696
8736
8697
8737
8738
8699
8739
8700
8740
8701
8741
8702
8742
8703
8743
8704
8744
8705
8745
8706
8746
8707
8747
8708
8748
8709
8749
8710
8750
8711
8751
8712
8752
8713
8753
8714
8754
8715
8755
8716
8756
8717
8757
8718
8758
8719
8759
8720
8760
8721
8761
8722
8762
8723
8763
8724
8764
8725
8765
8726
8766
8727
8767
8728
8768
8729
8769
8730
8770
8731
8771
8732
8772
8733
8773
8734
8774
8735
8775
8736
8776
8737
8777
8738
8778
8779
8740
8780
8741
8781
8742
8782
8743
8783
8744
8784
8745
8785
8746
8786
8747
8787
8748
8788
8749
8789
8750
8790
8751
8791
8752
8792
8753
8793
8754
8794
8755
8795
8756
8796
8757
8797
8758
8798
8759
8799
8760
8800
8761
8801
8762
8802
8763
8803
8764
8804
8765
8805
8766
8806
8767
8807
8768
8808
8769
8809
8770
8810
8771
8811
8772
8812
8773
8813
8774
8814
8775
8815
8776
8816
8777
8817
8778
8818
8779
8819
8820
8781
8821
8782
8822
8783
8823
8784
8824
8785
8825
8786
8826
8787
8827
8788
8828
8789
8829
8790
8830
8791
8831
8792
8832
8793
8833
8794
8834
8795
8835
8796
8836
8797
8837
8798
8838
8799
8839
8800
8840
8801
8841
8802
8842
8803
8843
8804
8844
8805
8845
8806
8846
8807
8847
8808
8848
8809
8849
8810
8850
8811
8851
8812
8852
8813
8853
8814
8854
8815
8855
8816
8856
8817
8857
8818
8858
8819
8859
8820
8860
8861
8822
8862
8823
8863
8824
8864
8825
8865
8826
8866
8827
8867
8828
8868
8829
8869
8830
8870
8831
8871
8832
8872
8833
8873
8834
8874
8835
8875
8836
8876
8837
8877
8838
8878
8839
8879
8840
8880
8841
8881
8842
8882
8843
8883
8844
8884
8845
8885
8846
8886
8847
8887
8848
8888
8849
8889
8850
8890
8851
8891
8852
8892
8853
8893
8854
8894
8855
8895
8856
8896
8857
8897
8858
8898
8859
8899
8860
8900
8861
8901
8902
8863
8903
8864
8904
8865
8905
8866
8906
8867
8907
8868
8908
8869
8909
8870
8910
8871
8911
8872
8912
8873
8913
8874
8914
8875
8915
8876
8916
8877
8917
8878
8918
8879
8919
8880
8920
8881
8921
8882
8922
8883
8923
8884
8924
8885
8925
8886
8926
8887
8927
8888
8928
8889
8929
8890
8930
8891
8931
8892
8932
8893
8933
8894
8934
8895
8935
8896
8936
8897
8937
8898
8938
8899
8939
8900
8940
8901
8941
8902
8942
8943
8904
8944
8905
8945
8906
8946
8907
8947
8908
8948
8909
8949
8910
8950
8911
8951
8912
8952
8913
8953
8914
8954
8915
8955
8916
8956
8917
8957
8918
8958
8919
8959
8920
8960
8921
8961
8922
8962
8923
8963
8924
8964
8925
8965
8926
8966
8927
8967
8928
8968
8929
8969
8930
8970
8931
8971
8932
8972
8933
8973
8934
8974
8935
8975
8936
8976
8937
8977
8938
8978
8939
8979
8940
8980
8941
8981
8942
8982
8943
8983
8984
8945
8985
8946
8986
8947
8987
8948
8988
8949
8989
8950
8990
8951
8991
8952
8992
8953
8993
8954
8994
8955
8995
8956
8996
8957
8997
8958
8998
8959
8999
8960
9000
8961
9001
8962
9002
8963
9003
8964
9004
8965
9005
8966
9006
8967
9007
8968
9008
8969
9009
8970
9010
8971
9011
8972
9012
8973
9013
8974
9014
8975
9015
8976
9016
8977
9017
8978
9018
8979
9019
8980
9020
8981
9021
8982
9022
8983
9023
8984
9024
9025
8986
9026
8987
9027
8988
9028
8989
9029
8990
9030
8991
9031
8992
9032
8993
9033
8994
9034
8995
9035
8996
9036
8997
9037
8998
9038
8999
9039
9000
9040
9001
9041
9002
9042
9003
9043
9004
9044
9005
9045
9006
9046
9007
9047
9008
9048
9009
9049
9010
9050
9011
9051
9012
9052
9013
9053
9014
9054
9015
9055
9016
9056
9017
9057
9018
9058
9019
9059
9020
9060
9021
9061
9022
9062
9023
9063
9024
9064
9025
9065
9066
9027
9067
9028
9068
9029
9069
9030
9070
9031
9071
9032
9072
9033
9073
9034
9074
9035
9075
9036
9076
9037
9077
9038
9078
9039
9079
9040
9080
9041
9081
9042
9082
9043
9083
9044
9084
9045
9085
9046
9086
9047
9087
9048
9088
9049
9089
9050
9090
9051
9091
9052
9092
9053
9093
9054
9094
9055
9095
9056
9096
9057
9097
9058
9098
9059
9099
9060
9100
9061
9101
9062
9102
9063
9103
9064
9104
9065
9105
9066
9106
9107
9068
9108
9069
9109
9070
9110
9071
9111
9072
9112
9073
9113
9074
9114
9075
9115
9076
9116
9077
9117
9078
9118
9079
9119
9080
9120
9081
9121
9082
9122
9083
9123
9084
9124
9085
9125
9086
9126
9087
9127
9088
9128
9089
9129
9090
9130
9091
9131
9092
9132
9093
9133
9094
9134
9095
9135
9096
9136
9097
9137
9098
9138
9099
9139
9100
9140
9101
9141
9102
9142
9103
9143
9104
9144
9105
9145
9106
9146
9107
9147
9148
9109
9149
9110
9150
9111
9151
9112
9152
9113
9153
9114
9154
9115
9155
9116
9156
9117
9157
9118
9158
9119
9159
9120
9160
9121
9161
9122
9162
9123
9163
9124
9164
9125
9165
9126
9166
9127
9167
9128
9168
9129
9169
9130
9170
9131
9171
9132
9172
9133
9173
9134
9174
9135
9175
9136
9176
9137
9177
9138
9178
9139
9179
9140
9180
9141
9181
9142
9182
9143
9183
9144
9184
9145
9185
9146
9186
9147
9187
9148
9188
9189
9150
9190
9151
9191
9152
9192
9153
9193
9154
9194
9155
9195
9156
9196
9157
9197
9158
9198
9159
9199
9160
9200
9161
9201
9162
9202
9163
9203
9164
9204
9165
9205
9166
9206
9167
9207
9168
9208
9169
9209
9170
9210
9171
9211
9172
9212
9173
9213
9174
9214
9175
9215
9176
9216
9177
9217
9178
9218
9179
9219
9180
9220
9181
9221
9182
9222
9183
9223
9184
9224
9185
9225
9186
9226
9187
9227
9188
9228
9189
9229
9230
9191
9231
9192
9232
9193
9233
9194
9234
9195
9235
9196
9236
9197
9237
9198
9238
9199
9239
9200
9240
9201
9241
9202
9242
9203
9243
9204
9244
9205
9245
9206
9246
9207
9247
9208
9248
9209
9249
9210
9250
9211
9251
9212
9252
9213
9253
9214
9254
9215
9255
9216
9256
9217
9257
9218
9258
9219
9259
9220
9260
9221
9261
9222
9262
9223
9263
9224
9264
9225
9265
9226
9266
9227
9267
9228
9268
9229
9269
9230
9270
9271
9232
9272
9233
9273
9234
9274
9235
9275
9236
9276
9237
9277
9238
9278
9239
9279
9240
9280
9241
9281
9242
9282
9243
9283
9244
9284
9245
9285
9246
9286
9247
9287
9248
9288
9249
9289
9250
9290
9251
9291
9252
9292
9253
9293
9254
9294
9255
9295
9256
9296
9257
9297
9258
9298
9259
9299
9260
9300
9261
9301
9262
9302
9263
9303
9264
9304
9265
9305
9266
9306
9267
9307
9268
9308
9269
9309
9270
9310
9271
9311
9312
9273
9313
9274
9314
9275
9315
9276
9316
9277
9317
9278
9318
9279
9319
9280
9320
9281
9321
9282
9322
9283
9323
9284
9324
9285
9325
9286
9326
9287
9327
9288
9328
9289
9329
9290
9330
9291
9331
9292
9332
9293
9333
9294
9334
9295
9335
9296
9336
9297
9337
9298
9338
9299
9339
9300
9340
9301
9341
9302
9342
9303
9343
9304
9344
9305
9345
9306
9346
9307
9347
9308
9348
9309
9349
9310
9350
9311
9351
9312
9352
9353
9314
9354
9315
9355
9316
9356
9317
9357
9318
9358
9319
9359
9320
9360
9321
9361
9322
9362
9323
9363
9324
9364
9325
9365
9326
9366
9327
9367
9328
9368
9329
9369
9330
9370
9331
9371
9332
9372
9333
9373
9334
9374
9335
9375
9336
9376
9337
9377
9338
9378
9339
9379
9340
9380
9341
9381
9342
9382
9343
9383
9344
9384
9345
9385
9346
9386
9347
9387
9348
9388
9349
9389
9350
9390
9351
9391
9352
9392
9353
9393
9394
9355
9395
9356
9396
9357
9397
9358
9398
9359
9399
9360
9400
9361
9401
9362
9402
9363
9403
9364
9404
9365
9405
9366
9406
9367
9407
9368
9408
9369
9409
9370
9410
9371
9411
9372
9412
9373
9413
9374
9414
9375
9415
9376
9416
9377
9417
9378
9418
9379
9419
9380
9420
9381
9421
9382
9422
9383
9423
9384
9424
9385
9425
9386
9426
9387
9427
9388
9428
9389
9429
9390
9430
9391
9431
9392
9432
9393
9433
9394
9434
9435
9396
9436
9397
9437
9398
9438
9399
9439
9400
9440
9401
9441
9402
9442
9403
9443
9404
9444
9405
9445
9406
9446
9407
9447
9408
9448
9409
9449
9410
9450
9411
9451
9412
9452
9413
9453
9414
9454
9415
9455
9416
9456
9417
9457
9418
9458
9419
9459
9420
9460
9421
9461
9422
9462
9423
9463
9424
9464
9425
9465
9426
9466
9427
9467
9428
9468
9429
9469
9430
9470
9431
9471
9432
9472
9433
9473
9434
9474
9435
9475
9476
9437
9477
9438
9478
9439
9479
9440
9480
9441
9481
9442
9482
9443
9483
9444
9484
9445
9485
9446
9486
9447
9487
9448
9488
9449
9489
9450
9490
9451
9491
9452
9492
9453
9493
9454
9494
9455
9495
9456
9496
9457
9497
9458
9498
9459
9499
9460
9500
9461
9501
9462
9502
9463
9503
9464
9504
9465
9505
9466
9506
9467
9507
9468
9508
9469
9509
9470
9510
9471
9511
9472
9512
9473
9513
9474
9514
9475
9515
9476
9516
9517
9478
9518
9479
9519
9480
9520
9481
9521
9482
9522
9483
9523
9484
9524
9485
9525
9486
9526
9487
9527
9488
9528
9489
9529
9490
9530
9491
9531
9492
9532
9493
9533
9494
9534
9495
9535
9496
9536
9497
9537
9498
9538
9499
9539
9500
9540
9501
9541
9502
9542
9503
9543
9504
9544
9505
9545
9506
9546
9507
9547
9508
9548
9509
9549
9510
9550
9511
9551
9512
9552
9513
9553
9514
9554
9515
9555
9516
9556
9517
9557
9558
9519
9559
9520
9560
9521
9561
9522
9562
9523
9563
9524
9564
9525
9565
9526
9566
9527
9567
9528
9568
9529
9569
9530
9570
9531
9571
9532
9572
9533
9573
9534
9574
9535
9575
9536
9576
9537
9577
9538
9578
9539
9579
9540
9580
9541
9581
9542
9582
9543
9583
9544
9584
9545
9585
9546
9586
9547
9587
9548
9588
9549
9589
9550
9590
9551
9591
9552
9592
9553
9593
9554
9594
9555
9595
9556
9596
9557
9597
9558
9598
9599
9560
9561
9562
9563
9564
9565
9566
9567
9568
9569
9570
9571
9572
9573
9574
9575
9576
9577
9578
9579
9580
9581
9582
9583
9584
9585
9586
9587
9588
9589
9590
9591
9592
9593
9594
9595
9596
9597
9598
9599
)


// ************************************************************************* //
